============= Starting bluetooth button activation test ============
11

16

15

13

12

15

13

11

9

12

16

4

1

17

6

6

3

5

13

8

10

22

14

12

16

10

13

2

6

4

8

15

8

16

16

15

14

4

5

10

9

5

14

13

10

11

6

20

18

16

11

16

15

5

14

7

16

11

15

16

15

22

10

5

17

9

17

15

17

17

19

24

23

25

19

19

19

18

19

14

12

23

7

0

0

0

0

0

0

7

17

15

18

25

15

13

24

11

18

12

12

20

12

16

11

16

11

20

23

9

0

0

0

0

6

6

5

8

10

1

12

7

7

8

16

11

10

8

13

6

5

0

3

0

0

0

0

0

0

0

0

0

0

0

0

0

0

0

0

0

-2

-6

0

-1

0

0

0

0

0

0

0

0

0

0

0

Yellow press at  5
0

Yellow press at  10
0

0

0

0

0

0

0

0

0

0

0

0

0

0

0

0

0

0

0

0

0

0

0

0

0

0

-1

-3

0

0

0

0

0

0

0

-1

0

0

0

0

-1

0

0

0

-2

0

0

0

0

-2

0

Yellow press at  15
0

0

0

-1

0

-1

0

-2

0

-6

0

0

0

0

0

0

-6

0

0

0

0

-3

-2

0

-1

-5

0

-6

0

-1

0

0

0

-5

0

0

0

-1

-5

0

Yellow press at  20
-4

-1

-5

0

-2

0

-5

0

0

0

-2

-1

-4

-10

0

-9

-6

-5

-6

-4

-10

-10

-2

-10

-6

-5

-8

-8

-3

0

0

0

0

0

0

Yellow press at  25
0

Yellow press at  30
-1

0

0

0

-2

0

0

0

0

-2

-7

-9

-13

-4

-3

-7

-5

-7

-13

-8

-9

-15

-7

-3

-3

-5

-1

0

0

0

0

0

0

0

0

0

0

0

0

0

0

0

0

Yellow press at  35
0

0

0

0

0

0

0

0

0

0

0

0

0

0

0

-1

-3

-2

0

0

0

-5

-8

-8

-12

-9

-6

-6

-13

-8

-15

-2

-7

-15

-11

-7

-12

-8

-12

-9

-7

-7

-10

-11

-5

-13

-13

Yellow press at  40
-15

Yellow press at  45
-8

-7

-10

-11

-7

-8

-2

-11

-11

-14

-11

-17

-18

-10

-9

-11

-7

-13

-15

-7

-11

-11

-19

-16

-13

-11

Yellow press at  50
-9

-9

-17

-11

-10

-12

-13

-10

-15

-8

-14

-12

-9

-12

-23

-22

-11

-17

-19

-9

-14

-20

-21

-17

-14

Yellow press at  55
-10

-16

-16

-14

-13

-17

-20

-15

-16

-10

-20

-20

-11

-20

-15

-14

-18

-15

-13

-21

-16

-24

-15

-18

Yellow press at  60
-17

Yellow press at  65
-15

-14

-11

-15

-8

-10

-14

-16

-19

-20

-16

-14

-14

-15

-14

-13

-18

-19

-23

-17

-13

-20

-12

-16

-18

-15

-17

-22

-21

-11

-17

-23

-13

-16

-16

-14

-10

-14

-21

-14

-19

-22

Yellow press at  70
-16

-21

-19

-18

-17

-17

-20

-21

-18

-16

-19

-13

-13

-12

-11

-18

-16

-18

-14

-17

-12

-19

-10

-16

-15

-18

-17

-17

-10

-18

-19

-14

-18

-15

-18

-19

-14

-18

-19

-17

-15

-18

-13

-11

Yellow press at  75
-21

Yellow press at  80
-20

-13

-9

-14

-18

-19

-16

-19

-17

-13

-17

-17

-14

-16

-17

-17

-14

-18

-18

-20

-18

-15

-13

-18

-22

-19

-20

-23

-16

-19

-23

-30

-21

-14

-21

-14

-15

-15

-21

-21

-21

Yellow press at  85
-22

Yellow press at  90
-22

Yellow press at  95
-20

-21

-17

-24

-25

-21

-25

-20

-26

-21

-25

-21

-19

-16

-15

-21

-25

-17

-17

-18

-22

-19

-22

-15

-20

-22

-23

-15

-18

-23

-25

-20

-22

-19

-25

-21

-21

Yellow press at  100
-25

-17

-22

-18

-22

-28

-22

-19

-16

-22

-27

-28

-23

-18

-22

-24

-24

-22

-24

-20

-20

-17

-20

-31

-25

-20

-20

-22

-24

-22

-19

-27

-25

-24

-21

-19

-26

-28

-19

Yellow press at  105
-30

Yellow press at  110
-23

-24

-18

-18

-26

-28

-25

-24

-25

-26

-17

-31

-17

-17

-23

-27

-23

-21

-25

-30

-24

-21

-34

-26

-17

-29

-23

-22

-25

-23

-25

-26

-27

-24

-22

-20

-20

-19

Yellow press at  115
-22

Yellow press at  120
-22

-32

-18

-21

-26

-29

-22

-29

-24

-30

-31

-30

-31

-23

-22

-31

-28

-28

-31

-29

-25

-30

-22

-32

-24

-21

-29

-22

-29

-24

-23

-22

-18

-21

-33

-25

-28

-25

-28

-30

-30

Yellow press at  125
-33

-26

-28

-20

-24

-28

-20

-23

-23

-28

-26

-25

-23

-28

-32

-23

-24

-24

-23

-28

-25

-22

-23

-30

-29

-33

-27

-26

-29

-29

-34

-32

-27

-29

-26

-29

-31

-23

-30

-26

-27

-23

-27

-26

-26

-27

-23

-22

-22

Yellow press at  130
-35

Yellow press at  135
-26

-30

-27

-31

-31

-24

-26

-27

-29

-33

-30

-27

-23

-25

-27

-26

-27

-23

-25

-23

-25

-27

-23

-26

-35

-23

-26

-31

-26

-27

-31

-28

-28

-31

-29

-30

-24

-24

-23

Yellow press at  140
-28

Yellow press at  145
-22

-23

-26

-20

-22

-24

-27

-33

-24

-32

-33

-36

-35

-35

-35

-35

-31

-34

-33

-31

-35

-36

-34

-31

-37

-32

-31

-36

-35

-35

-38

-32

-34

-37

-39

-38

-37

Yellow press at  150
-41

Yellow press at  155
-37

-37

-38

-38

-36

-40

-40

-36

-37

-37

-36

-31

-38

-36

-34

-35

-34

-36

-34

-36

-32

-32

-31

-34

-36

-34

-34

-36

-35

-35

-39

-39

-37

-36

-37

-37

-39

-35

-35

Yellow press at  160
-34

Yellow press at  165
-38

-37

-34

-36

-35

-38

-39

-36

-36

-39

-38

-36

-36

-37

-37

-36

-36

-38

-38

-38

-39

-37

-37

-37

-36

-37

-37

-38

-35

-36

-33

-39

-38

-40

-37

-36

Yellow press at  170
-36

Yellow press at  175
-38

-38

-38

-38

-38

-38

-38

-38

-38

-38

-38

-38

-38

-38

-38

-38

-38

-38

-38

-38

-38

-38

-38

-38

-38

-38

-38

-38

-38

-38

-38

-38

-38

-38

-38

-38

-38

-38

-38

Yellow press at  180
-38

Yellow press at  185
-38

-38

-38

-38

-38

-38

-38

-38

-38

-38

-38

-38

-38

-38

-38

-38

-38

-38

-38

-38

-38

-38

-38

-38

-38

-38

-38

-38

-38

-38

-38

-38

-38

-38

-38

-38

-38

-38

-38

-38

-38

-38

-38

-38

-38

-38

-38

-38

-38

-38

-38

-38

-38

-38

-38

-38

-38

-38

-38

-38

-38

-38

-38

-38

-38

-38

-38

-38

-38

-38

-38

-38

-38

-38

-38

-38

-38

-38

-38

-38

-38

-38

-38

-38

-38

-38

-38

-38

-38

-38

-38

-38

-38

-38

-38

-38

-38

-38

-38

-38

-38

-38

-38























































Green Press

Green Press


























































Green Press






Green Press

Green Press






Green Press

Green Press






Green Press




Green Press

Green Press


Green Press

Green Press












Green Press


Green Press




Green Press
























Closing program via CTRL + C
