Gyro: -18.368, 11.699, -28.220
Gyro: -32.105, 5.609, -70.040
Gyro: -13.393, -17.811, -32.105
Gyro: -21.154, 16.880, -29.464
Gyro: -16.735, 0.771, -29.838
Gyro: -16.033, 21.886, -30.403
Gyro: 5.662, 11.386, 35.524
Gyro: -4.090, 14.064, -10.562
Gyro: -10.699, -3.732, -21.207
Gyro: -6.006, -1.564, -24.222
Gyro: -3.808, -22.131, -0.733
Gyro: -2.801, 12.141, -10.562
Gyro: -5.723, 11.813, -16.369
Gyro: 1.473, 10.119, 0.259
Gyro: -0.290, 10.745, -15.865
Gyro: -2.534, -6.700, -1.122
Gyro: -4.617, 2.213, 4.625
Gyro: -3.251, -7.524, 6.838
Gyro: -5.846, 4.541, -1.114
Gyro: -8.623, 3.655, -4.731
Gyro: -4.060, -2.686, -3.228
Gyro: -5.021, -1.465, -10.027
Gyro: -5.166, -0.664, -7.173
Gyro: -4.228, 2.885, -1.267
Gyro: -3.739, 9.821, 5.281
Gyro: -6.281, 1.282, 1.847
Gyro: -7.021, 14.431, 7.448
Gyro: 11.706, -40.911, -18.078
Gyro: -6.525, 2.686, -0.145
Gyro: -21.520, 46.337, 28.030
Gyro: 3.320, 47.917, -5.166
Gyro: 17.727, -4.434, -27.640
Gyro: 41.758, -53.716, 67.010
Gyro: 11.432, -72.970, 11.798
Gyro: -47.329, 80.639, 39.614
Gyro: 12.195, 176.908, 4.274
Gyro: 8.906, -49.756, -30.235
Gyro: -10.745, 48.993, -41.545
Gyro: -0.069, 142.567, 72.947
Gyro: -30.792, -75.672, 29.022
Gyro: -22.756, 88.912, -55.021
Gyro: 50.504, 72.001, -5.365
Gyro: -8.448, -153.762, 17.308
Gyro: -25.717, -20.742, -0.992
Gyro: 9.501, 215.499, -17.552
Gyro: -7.929, -22.146, -33.173
Gyro: 33.295, -125.473, -31.029
Gyro: -3.915, 53.922, 43.208
Gyro: -41.369, 1.068, 28.098
Gyro: 20.864, -39.988, 23.779
Gyro: 8.478, -26.725, 4.754
Gyro: -4.434, -15.041, -12.546
Gyro: -3.900, 4.525, 12.088
Gyro: -5.319, 19.597, 75.633
Gyro: 3.632, -11.081, 78.716
Gyro: -1.397, 55.296, 109.669
Gyro: -3.083, 1.915, 112.828
Gyro: 9.768, -16.796, 114.263
Gyro: 14.683, 4.907, 98.275
Gyro: -7.326, 8.013, 54.411
Gyro: -42.979, 28.228, 30.685
Gyro: -0.923, -30.991, 22.756
Gyro: 5.495, 26.023, -19.620
Gyro: 29.731, -77.198, -50.717
Gyro: 6.265, -4.556, 48.443
Gyro: -53.587, -74.344, -14.332
Gyro: -23.901, -36.592, -10.829
Gyro: 94.086, 25.244, 18.956
Gyro: 55.105, -157.784, 39.156
Gyro: -97.909, 3.938, -28.068
Gyro: -32.883, -90.919, -6.197
Gyro: 95.978, -24.725, 34.379
Gyro: 27.930, -90.118, 8.104
Gyro: -95.391, -7.288, -10.104
Gyro: -3.060, -250.061, -4.403
Gyro: 27.213, 145.986, -65.911
Gyro: -15.705, -114.621, -47.306
Gyro: -2.305, -99.107, -84.753
Gyro: -5.082, 35.218, -85.524
Gyro: -11.645, -24.275, -78.075
Gyro: -26.549, 56.258, -34.905
Gyro: -2.350, 12.401, 14.240
Gyro: -11.302, 68.811, -3.831
Gyro: -1.480, -5.899, 1.687
