Gyro: -8.929, 10.310, -3.060
Gyro: -2.396, -5.624, 3.747
Gyro: 6.029, -3.869, -9.974
Gyro: 1.656, 10.111, -2.266
Gyro: -4.953, -7.234, 5.006
Gyro: -6.807, 5.723, 1.664
Gyro: -3.823, -0.679, 1.007
Gyro: -0.656, -0.114, -2.076
Gyro: -2.846, 4.708, -0.748
Gyro: -2.686, 2.953, 1.198
Gyro: -1.908, 4.403, -2.015
Gyro: -1.374, 1.648, -1.580
Gyro: -1.229, 2.175, -2.320
Gyro: -2.251, -0.069, -2.831
Gyro: -2.969, 1.488, 0.824
Gyro: -3.213, 2.144, 0.359
Gyro: -3.854, 0.855, 2.030
Gyro: 5.525, -4.693, -10.768
Gyro: 2.808, -2.213, -4.739
Gyro: 3.839, 1.717, -5.907
Gyro: 0.382, 18.880, -3.640
Gyro: -1.763, -48.420, 19.475
Gyro: -49.382, 123.794, -118.712
Gyro: 35.020, -169.765, 20.582
Gyro: -20.437, 55.762, -10.111
Gyro: -1.129, 23.359, -6.174
Gyro: -12.897, -3.167, 7.257
Gyro: -6.693, 10.127, 17.666
Gyro: -16.293, -48.069, 1.740
Gyro: 39.080, 69.902, -5.105
Gyro: 44.437, 47.505, 31.555
Gyro: -11.951, -80.174, -35.119
Gyro: -2.785, 22.306, 5.861
Gyro: 12.141, -5.311, -26.564
Gyro: -0.122, -2.160, 12.683
Gyro: -62.614, 27.167, -25.557
Gyro: -30.342, 111.462, -100.794
Gyro: 14.339, -171.215, 61.363
Gyro: -24.733, 129.411, -13.530
Gyro: -24.214, -23.596, 17.254
Gyro: -6.952, -37.378, 8.211
Gyro: 52.114, 13.782, 64.057
Gyro: 41.514, 63.294, 67.705
Gyro: -27.236, -130.319, -27.083
Gyro: 8.455, 149.634, 18.239
Gyro: 1.687, -95.673, -19.383
Gyro: 11.279, 31.769, -5.365
Gyro: -43.498, -12.355, -70.147
Gyro: -14.652, 78.861, -52.068
Gyro: 12.370, -186.638, 26.473
Gyro: -27.305, 137.988, -3.121
Gyro: -21.154, -86.882, 30.830
Gyro: -18.353, 23.367, 2.297
Gyro: 4.876, -24.901, 69.704
Gyro: 62.263, 10.691, 22.970
Gyro: -5.273, -14.080, 21.551
Gyro: 1.687, 69.704, -53.922
Gyro: 11.577, -96.955, -20.948
Gyro: 9.051, 29.892, -22.329
Gyro: -20.131, -29.205, -49.382
Gyro: -19.750, 37.286, -10.554
Gyro: -27.396, -8.173, -28.190
Gyro: -12.408, 76.938, 8.249
Gyro: -16.400, -97.634, 8.326
Gyro: -23.726, 30.563, -13.813
Gyro: -7.914, -58.990, 30.922
Gyro: 60.111, 42.788, 12.714
Gyro: 32.448, 111.600, 89.797
Gyro: -17.674, -71.658, -58.936
Gyro: 11.455, 15.957, -11.592
Gyro: 11.538, -36.943, -21.612
Gyro: 7.967, 12.515, 0.443
Gyro: -66.552, -37.355, 6.426
Gyro: -20.749, 146.787, -77.991
Gyro: -0.458, -113.523, 14.240
Gyro: -12.286, 93.193, 7.723
Gyro: -7.654, -18.567, 36.813
Gyro: -12.927, -6.364, -2.633
Gyro: -10.813, -18.521, 8.280
Gyro: 53.365, 48.321, 27.259
Gyro: 17.384, 12.904, 59.058
Gyro: -16.552, -106.395, -34.203
Gyro: 3.793, 28.602, 0.389
Gyro: -5.701, -3.411, -11.966
Gyro: -7.021, -2.480, 10.462
Gyro: -13.141, 1.992, 21.993
Gyro: -21.558, -10.737, 27.480
Gyro: -53.182, 38.034, 13.607
Gyro: -82.708, 6.258, -23.962
Gyro: -14.713, -124.008, 90.789
Gyro: -75.817, 15.812, 89.263
Gyro: -33.219, -32.669, 128.686
Gyro: -70.452, 117.369, 72.306
Gyro: -87.386, -181.830, 121.925
Gyro: -106.609, 110.256, 140.659
Gyro: -97.993, -27.679, 149.336
Gyro: -111.996, 32.799, 75.504
Gyro: -81.532, 42.437, 132.364
Gyro: -76.137, 10.295, 154.441
Gyro: -69.834, -13.126, 143.811
Gyro: -63.011, -39.148, 93.956
Gyro: -87.416, -8.440, 155.548
Gyro: -79.815, 65.919, 113.294
Gyro: -138.980, -29.556, 97.711
Gyro: -101.854, -117.071, 155.197
Gyro: -88.660, 101.389, 146.078
Gyro: -71.749, -36.828, 127.831
Gyro: -50.839, -65.133, 106.044
Gyro: -91.110, 26.702, 100.443
Gyro: -77.121, 35.241, 82.990
Gyro: -134.905, -3.197, 38.042
Gyro: -61.058, -149.618, 149.954
Gyro: -108.112, 27.526, 124.702
Gyro: -35.218, 35.569, 170.978
Gyro: -89.545, 115.209, 127.892
Gyro: -97.001, -102.121, 116.277
Gyro: -82.517, 81.174, 108.585
Gyro: -126.557, -24.588, 71.604
Gyro: -57.807, -195.643, 140.179
Gyro: -77.785, 71.474, 99.992
Gyro: -79.800, 56.975, 155.334
Gyro: -45.215, -67.338, 64.263
Gyro: -70.681, 55.266, 83.440
Gyro: -68.086, -3.030, 82.250
Gyro: -36.844, -58.623, 120.719
Gyro: -69.963, 41.865, 29.586
Gyro: -32.250, 102.160, 68.613
Gyro: -33.501, -55.472, 17.208
Gyro: -10.768, -1.893, 0.832
Gyro: -21.841, 7.303, 6.998
Gyro: 28.594, 9.547, -13.622
Gyro: 0.176, 1.702, 0.435
Gyro: -4.167, 11.867, 4.922
Gyro: -11.790, -8.524, -11.798
Gyro: 2.244, 5.143, -1.984
Gyro: 1.419, 12.943, -2.915
Gyro: 3.724, -2.259, -10.928
Gyro: 11.889, -37.790, -9.058
Gyro: -42.445, 20.124, 44.979
Gyro: -21.291, 96.780, -38.301
Gyro: 11.745, -65.461, 4.579
Gyro: -7.654, 22.924, -1.572
Gyro: -14.225, -46.604, 9.158
Gyro: -12.210, 27.358, -4.220
Gyro: 9.951, -35.188, 62.737
Gyro: 38.378, 35.691, 17.102
Gyro: 18.506, 23.443, 38.233
Gyro: -4.846, 39.820, -24.100
Gyro: 4.960, -79.266, -0.282
Gyro: 1.366, 31.158, -9.043
Gyro: 3.770, -18.277, -67.125
Gyro: -10.401, -38.248, 32.479
Gyro: -45.978, 88.675, -28.259
Gyro: -14.644, 64.522, -6.349
Gyro: -22.474, -114.301, 5.685
Gyro: -24.702, 30.327, -17.796
Gyro: 78.869, -2.244, 76.015
Gyro: 52.793, 20.940, 38.248
Gyro: -28.602, -176.305, -19.857
Gyro: 37.904, 186.485, 17.361
Gyro: 3.327, -142.766, -41.514
Gyro: 11.088, 78.976, 36.096
Gyro: -75.725, -72.237, -32.143
Gyro: -67.353, 194.528, -108.188
Gyro: 12.920, -163.668, 53.091
Gyro: -59.394, 135.073, -20.017
Gyro: -10.722, -60.325, 56.296
Gyro: 1.213, 11.989, 57.074
Gyro: 71.688, 20.208, 7.242
Gyro: -0.656, -21.345, 23.138
Gyro: -7.158, 51.038, -36.294
Gyro: 7.792, -89.217, -15.865
Gyro: -2.763, 28.129, -5.784
Gyro: -75.084, -22.016, -52.885
Gyro: -26.870, 129.258, -110.005
Gyro: 17.933, -226.389, 47.405
Gyro: -44.093, 190.446, -28.961
Gyro: -21.352, -102.763, 56.357
Gyro: 3.739, 30.044, 38.576
Gyro: 79.861, 44.635, 14.133
Gyro: 0.130, 1.076, 60.836
Gyro: -4.129, 21.848, -49.924
Gyro: 5.655, -75.328, -8.410
Gyro: -15.049, 4.640, -27.640
Gyro: -60.027, 12.553, -38.729
Gyro: -37.668, 57.723, -57.166
Gyro: 32.334, -210.920, 54.060
Gyro: -53.648, 165.430, -34.249
Gyro: -14.934, -147.497, 29.556
Gyro: -18.719, 42.651, -32.753
Gyro: 65.942, 42.376, 48.802
Gyro: 5.548, 93.758, 93.246
Gyro: -20.116, -52.335, -49.939
Gyro: -1.862, 1.702, -0.710
Gyro: -12.286, -30.220, -46.314
Gyro: -19.887, 85.203, -38.614
Gyro: -37.149, -15.995, -55.136
Gyro: 46.612, -157.524, 9.463
Gyro: -29.159, 104.617, -25.839
Gyro: -14.843, -109.592, 12.592
Gyro: 5.533, 39.881, -44.719
Gyro: 67.415, 19.681, 56.021
Gyro: 42.987, 87.996, 71.978
Gyro: -17.384, -143.239, -55.601
Gyro: 11.294, 58.532, 18.918
Gyro: 9.325, -58.463, -40.484
Gyro: -0.847, 73.115, -30.143
Gyro: -32.700, -34.638, -5.327
Gyro: -44.437, 145.276, -52.121
Gyro: -6.876, 29.502, 11.973
Gyro: -1.755, -98.909, 9.417
Gyro: -15.530, 37.294, 2.389
Gyro: 4.487, -67.857, 25.557
Gyro: 55.983, 42.468, 21.146
Gyro: 47.535, 75.931, 83.913
Gyro: -8.745, -21.207, -43.529
Gyro: -17.995, -48.848, -2.373
Gyro: 11.386, -1.435, -20.482
Gyro: -3.564, 14.995, -24.038
Gyro: -24.023, -58.753, -6.891
Gyro: -48.825, 96.619, -73.191
Gyro: -10.012, 45.635, 4.563
Gyro: -21.146, -69.765, 27.572
Gyro: -18.269, 18.109, 5.388
Gyro: 1.183, -32.059, -32.952
Gyro: 92.621, -54.144, 8.730
Gyro: 82.135, 100.633, -51.045
Gyro: 57.784, 3.022, -141.300
Gyro: 105.052, -56.067, -196.368
Gyro: 86.699, -74.886, -160.775
Gyro: 103.632, 96.986, -250.061
Gyro: 118.605, -51.801, -136.393
Gyro: 170.696, 35.424, -112.752
Gyro: 97.436, -72.344, -132.143
Gyro: 64.713, 46.513, -176.633
Gyro: 96.306, -43.636, -188.645
Gyro: 84.661, -94.048, -115.415
Gyro: 108.341, 91.911, -194.177
Gyro: 131.181, -14.965, -97.115
Gyro: 114.446, -66.178, -110.936
Gyro: 127.183, -62.347, -190.056
Gyro: 82.730, 24.046, -125.939
Gyro: 88.912, -19.376, -158.341
Gyro: 47.756, -94.193, -133.829
Gyro: 84.890, 147.382, -191.835
Gyro: 105.441, -56.571, -84.447
Gyro: 129.182, -30.792, -112.958
Gyro: 89.042, 47.558, -53.060
Gyro: 64.736, -99.573, -153.083
Gyro: 79.228, -10.157, -156.685
Gyro: 32.914, 34.516, -192.498
Gyro: 86.653, 43.353, -95.085
Gyro: 68.071, -76.099, -87.370
Gyro: 64.980, 38.729, -82.708
Gyro: 55.647, -24.229, -77.984
Gyro: 28.900, 26.938, -32.761
Gyro: 35.226, -38.469, -28.900
Gyro: 21.566, -7.769, -7.944
Gyro: 19.338, 56.563, -24.603
Gyro: 7.822, -27.335, -38.828
Gyro: -1.992, -22.650, -19.444
Gyro: 1.725, 19.734, -6.166
Gyro: 16.918, -14.583, -28.098
Gyro: -11.592, -36.554, 10.157
Gyro: -23.893, 99.596, -66.476
Gyro: 25.824, 0.061, 6.983
Gyro: -4.327, -23.275, 3.602
Gyro: 1.122, -30.769, 21.047
Gyro: -11.622, 25.435, 13.958
Gyro: -0.466, -39.293, 21.612
Gyro: 12.966, 15.858, 7.440
Gyro: 37.454, 129.556, 60.730
Gyro: -0.206, -5.624, -28.281
Gyro: 1.313, -79.067, -7.143
Gyro: 17.300, 3.549, -39.370
Gyro: -24.161, 42.842, -24.016
Gyro: -28.984, -31.235, -9.341
Gyro: -88.446, 119.437, -55.281
Gyro: -15.285, -10.417, 13.469
Gyro: -28.930, -39.225, 30.380
Gyro: -33.394, -15.125, 52.892
Gyro: -27.205, 16.545, 1.229
Gyro: 40.881, 18.872, 22.779
Gyro: 36.538, 96.055, 94.292
Gyro: -24.901, -30.525, -38.584
Gyro: -5.617, -44.918, -6.433
Gyro: 11.882, -51.854, -58.967
Gyro: -8.295, 87.698, 24.122
Gyro: -41.049, -58.135, 13.759
Gyro: -57.669, 150.870, -49.565
Gyro: -1.221, 43.636, 8.387
Gyro: -5.029, -69.063, 17.834
Gyro: -6.464, -4.541, 33.356
Gyro: 79.022, 9.493, 61.424
Gyro: 15.224, -33.555, 48.016
Gyro: -22.848, -64.866, -31.723
Gyro: 14.011, 117.590, 11.493
Gyro: 5.983, -87.500, -9.051
Gyro: 2.259, 29.899, -86.470
Gyro: -55.655, -4.434, -15.446
Gyro: -28.777, 75.801, -43.872
Gyro: 6.113, -128.228, 23.626
Gyro: -28.877, 107.364, -30.296
Gyro: -11.042, -76.328, 53.724
Gyro: 0.725, 22.299, -9.295
Gyro: 60.859, 21.032, 33.593
Gyro: -27.602, -62.157, 50.321
Gyro: -5.197, 71.833, -16.697
Gyro: -18.132, -13.027, -27.068
Gyro: 9.516, 11.836, -28.213
Gyro: 11.348, 14.003, 13.133
Gyro: -13.332, -41.583, 9.524
Gyro: -4.922, -13.744, -17.575
Gyro: -2.190, 17.384, 7.471
Gyro: -14.812, 9.539, -3.060
Gyro: -19.986, 2.618, -44.124
Gyro: -19.353, 17.048, 22.283
Gyro: 1.832, -55.807, 26.809
Gyro: -32.723, 21.673, 24.115
Gyro: 44.261, -25.611, 32.265
Gyro: 4.754, 134.638, 37.882
Gyro: -14.194, -17.125, -21.444
Gyro: -14.362, -36.348, -4.617
Gyro: 3.266, 6.593, 5.159
Gyro: 7.792, 1.816, -9.646
Gyro: -29.998, 14.110, -29.823
Gyro: -10.928, 11.508, -28.289
Gyro: 20.681, -81.967, -15.034
Gyro: -22.604, 65.408, -52.259
Gyro: 13.446, -27.427, -25.328
Gyro: 2.030, -2.564, -25.847
Gyro: -3.472, -12.782, -15.911
Gyro: -0.809, -19.200, 6.716
Gyro: 1.129, 8.120, 2.656
Gyro: -2.747, -27.595, 15.759
Gyro: 48.810, 41.033, 26.297
Gyro: 38.103, 34.257, 14.393
Gyro: -23.344, -40.514, 1.542
Gyro: 7.257, 105.571, -19.689
Gyro: 7.517, -79.052, -14.637
Gyro: 11.981, 46.459, -23.756
Gyro: -40.064, -1.877, -63.706
Gyro: -31.914, 33.310, -54.380
Gyro: 30.151, -168.666, 46.314
Gyro: -52.213, 131.494, -2.816
Gyro: -12.561, -101.702, 39.461
Gyro: -13.439, -4.350, -2.236
Gyro: 86.241, 33.631, 88.637
Gyro: 43.086, -10.607, 53.487
Gyro: -38.065, -181.372, -12.973
Gyro: 18.269, 242.842, 38.500
Gyro: 17.262, -157.937, -33.448
Gyro: -9.882, 121.772, -0.137
Gyro: -78.159, -90.553, 9.318
Gyro: -14.705, 89.469, -19.734
Gyro: -6.067, 53.304, 38.584
Gyro: -12.759, -127.923, 12.607
Gyro: -11.073, 56.097, 4.731
Gyro: 78.465, -27.618, 94.383
Gyro: 26.908, -11.676, 49.603
Gyro: -27.686, -170.116, -47.321
Gyro: 28.396, 250.053, 36.096
Gyro: 3.304, -162.309, -24.290
Gyro: -5.357, 104.335, 21.780
Gyro: -79.289, -69.284, -34.051
Gyro: -41.476, 152.488, -60.172
Gyro: 10.722, -134.783, 59.783
Gyro: -37.813, 57.761, 5.884
Gyro: -37.798, -28.167, 66.911
Gyro: -43.391, 45.093, 33.257
Gyro: -15.827, -47.749, 26.175
Gyro: 10.424, 11.371, -91.430
Gyro: 83.494, 85.035, 68.536
Gyro: 41.354, -24.008, -109.753
Gyro: 95.589, -121.955, -139.354
Gyro: 117.201, 73.680, -134.516
Gyro: 151.595, -18.254, -240.270
Gyro: 134.432, -36.058, -204.502
Gyro: 163.538, 111.279, -151.274
Gyro: 100.221, -78.617, -199.886
Gyro: 90.995, -15.194, -87.721
Gyro: 78.884, 6.296, -111.424
Gyro: 57.189, -36.111, -71.116
Gyro: 58.555, 41.743, -124.374
Gyro: 42.552, -140.118, -67.155
Gyro: -59.791, 237.882, -35.737
Gyro: 6.334, -2.221, -9.463
Gyro: -9.989, -21.299, 18.468
Gyro: -19.979, -14.270, -23.863
Gyro: -26.442, 7.440, 27.503
Gyro: -3.686, -18.964, 80.861
Gyro: 15.537, 20.383, -8.265
Gyro: 39.515, 24.832, 74.657
Gyro: -24.863, 29.457, -37.859
Gyro: 15.072, -11.050, -29.258
Gyro: 2.213, -10.188, -3.365
Gyro: 7.906, -14.721, -34.707
Gyro: 19.444, -24.588, 2.137
Gyro: -60.432, -59.852, 31.219
Gyro: -86.439, 211.935, -80.784
Gyro: 21.566, -154.159, 66.262
Gyro: -42.521, 33.852, -10.829
Gyro: -29.251, -23.237, 27.541
Gyro: -17.888, -15.453, -11.668
Gyro: 68.727, 21.879, 32.540
Gyro: 34.509, 42.331, 93.216
Gyro: -26.000, -118.071, -73.573
Gyro: 21.627, 93.735, 28.404
Gyro: 16.735, -62.843, -49.855
Gyro: 4.701, 82.700, 8.860
Gyro: -62.958, -39.774, -8.280
Gyro: -38.194, 98.397, -86.111
Gyro: 14.332, 1.954, 22.031
Gyro: -2.969, -76.625, 5.365
Gyro: -6.235, 4.052, 46.627
Gyro: 96.612, -45.871, 76.770
Gyro: 28.564, 45.055, 71.230
Gyro: -42.048, -186.630, -57.723
Gyro: 27.183, 250.053, 54.457
Gyro: 14.812, -178.831, -24.100
Gyro: -13.622, 139.957, -5.586
Gyro: -67.170, -102.457, -10.356
Gyro: -57.181, 159.936, -140.415
Gyro: 13.965, -62.645, 23.382
Gyro: -23.481, -19.055, 1.572
Gyro: -30.723, -48.001, 43.216
Gyro: 6.815, -10.745, 13.362
Gyro: 86.790, 78.930, 23.497
Gyro: 13.400, 95.253, 82.295
Gyro: -6.899, 1.305, -54.006
Gyro: 18.063, -100.786, -8.242
Gyro: 8.990, 15.904, -50.000
Gyro: -30.807, -11.973, -33.600
Gyro: 1.007, 23.207, -48.130
Gyro: -36.722, 6.578, -106.372
Gyro: -1.633, 48.344, -40.835
Gyro: 10.287, -74.588, 3.922
Gyro: -25.183, 6.822, 8.784
Gyro: -16.102, -18.781, -12.935
Gyro: 37.660, 51.282, 39.087
Gyro: 8.745, -41.026, 8.593
Gyro: -8.356, -30.502, -17.376
Gyro: 18.010, 81.013, -1.801
Gyro: 20.475, -63.797, -33.150
Gyro: 28.701, -19.505, -39.721
Gyro: 27.534, -0.809, -46.665
