Gyro: 11.798, 0.588, 13.400
Gyro: -0.099, -2.824, 30.105
Gyro: -8.059, 2.190, -4.388
Gyro: -5.014, -4.182, -10.798
Gyro: -10.256, 1.526, -15.949
Gyro: -12.027, 5.334, -16.560
Gyro: -11.294, 2.121, -11.035
Gyro: -2.938, 2.068, 0.824
Gyro: -1.419, 0.481, 6.288
Gyro: -2.129, 2.015, 2.121
Gyro: -3.861, 4.754, 1.397
Gyro: -3.892, 7.792, -2.022
Gyro: -10.066, 9.165, -6.731
Gyro: -15.446, 20.192, -12.141
Gyro: -5.739, 9.348, 9.852
Gyro: -14.744, 8.509, -4.892
Gyro: -2.343, -23.207, 2.892
Gyro: -5.395, 10.638, 7.990
Gyro: 0.092, 16.400, 34.409
Gyro: -2.038, 18.216, 20.314
Gyro: 0.092, 35.974, -41.308
Gyro: 21.207, -0.084, 63.217
Gyro: 27.549, -71.490, 137.492
Gyro: 103.281, -15.507, 134.241
Gyro: 54.510, -40.995, 155.533
Gyro: 45.635, -95.482, 139.873
Gyro: 82.471, -103.350, 112.706
Gyro: 63.080, -20.131, 143.460
Gyro: 23.405, -6.204, 118.559
Gyro: 63.538, -108.951, 85.516
Gyro: 53.907, -18.017, 142.399
Gyro: 32.082, -34.936, 106.426
Gyro: 66.514, 6.151, 97.405
Gyro: 43.078, -15.369, 121.039
Gyro: 34.699, -94.635, 121.741
Gyro: 73.207, -33.730, 102.869
Gyro: 36.073, 25.153, 118.147
Gyro: 21.848, 17.392, 124.763
Gyro: 34.562, 33.585, 115.873
Gyro: 17.613, 13.233, 138.271
Gyro: 27.213, 44.185, 107.089
Gyro: 29.304, 12.477, 102.930
Gyro: 32.189, -79.098, 7.715
Gyro: -23.680, -106.311, 73.161
Gyro: 4.953, -19.658, 38.446
Gyro: -4.876, -10.531, -1.496
Gyro: -5.525, 15.659, -9.203
Gyro: -4.724, 0.168, 0.069
Gyro: -5.372, 4.022, -0.206
Gyro: -4.815, 2.137, 0.992
Gyro: -8.753, 5.403, -3.579
Gyro: -3.014, 3.007, 2.411
Gyro: -3.861, 5.846, 3.808
Gyro: -2.137, 12.469, 9.699
Gyro: -24.763, 8.768, 4.388
Gyro: 3.266, -1.084, 13.912
Gyro: -11.783, 4.640, -25.977
Gyro: 5.380, -0.237, 0.458
Gyro: -15.194, -26.381, -3.655
Gyro: -0.527, 43.086, -19.208
Gyro: 3.953, 22.230, 45.696
Gyro: -22.581, -63.011, 47.550
Gyro: -14.904, 96.566, -12.439
Gyro: 52.099, 62.408, -10.806
Gyro: 6.319, -97.230, -7.173
Gyro: -37.515, 44.177, 50.809
Gyro: 18.658, 93.513, -37.118
Gyro: -1.854, -58.776, 3.678
Gyro: 40.842, -96.596, -35.081
Gyro: 12.775, 26.732, 109.600
Gyro: -18.468, -2.824, 43.689
Gyro: -5.357, -1.564, 41.484
Gyro: 60.279, 51.572, 10.417
Gyro: -1.343, -56.059, 48.657
Gyro: 9.814, 12.172, 30.746
Gyro: 25.771, 110.668, 31.105
Gyro: -19.597, -21.299, -77.450
Gyro: 32.608, -129.884, -63.797
Gyro: 26.015, 77.541, 73.916
Gyro: -71.215, 25.107, 84.661
Gyro: 27.221, -106.906, 48.321
Gyro: 20.192, 5.067, 8.471
Gyro: 43.025, -60.691, -29.487
Gyro: 22.993, 51.351, 45.833
Gyro: -25.916, -19.193, 12.874
Gyro: -2.053, -46.406, 36.142
Gyro: 25.206, 75.923, -6.311
Gyro: -27.503, 121.177, 68.857
Gyro: -6.319, -16.842, 20.154
Gyro: -25.839, -70.513, 91.873
Gyro: -11.294, 52.060, -25.611
Gyro: 59.753, 8.974, 22.703
Gyro: 12.431, -124.664, -16.720
Gyro: -51.229, 99.328, 70.070
Gyro: 30.166, 82.639, -26.412
Gyro: 13.225, -12.943, -23.336
Gyro: 5.052, -148.741, -137.851
Gyro: 26.168, 91.400, 42.430
Gyro: -48.588, -24.596, -6.769
Gyro: -21.116, -144.994, 3.984
Gyro: 21.406, 105.998, -26.045
Gyro: -18.918, 30.449, 47.161
Gyro: -21.100, -37.088, -7.700
Gyro: -5.960, 99.916, 19.834
Gyro: -33.898, 11.973, -52.312
Gyro: 9.829, -60.371, -47.833
Gyro: 0.412, 62.614, 48.451
Gyro: -50.527, 1.519, 29.686
Gyro: 10.562, -6.250, -22.344
Gyro: -21.864, 142.529, -24.054
Gyro: -4.449, 8.524, 1.748
Gyro: -1.938, 0.855, 0.343
Gyro: -1.244, 2.724, 5.075
Gyro: -3.816, 2.488, -0.313
Gyro: -6.563, 0.939, -0.694
Gyro: -5.350, 1.297, 2.671
Gyro: -6.456, 0.687, -0.198
Gyro: -2.244, 8.211, -28.884
Gyro: -23.916, -4.976, -51.976
Gyro: 5.227, -15.301, 22.001
Gyro: 4.281, -2.770, 17.407
Gyro: -2.038, 7.479, -9.135
Gyro: -67.735, 11.676, -199.519
Gyro: -63.935, -6.693, -137.889
Gyro: -44.750, 65.926, -165.095
Gyro: -53.587, 16.056, -16.117
Gyro: -7.105, -47.688, -21.818
Gyro: -0.420, 33.761, 26.580
Gyro: -30.212, -18.826, 20.055
Gyro: -14.171, -4.770, -31.845
Gyro: 42.888, 34.066, 25.160
Gyro: 17.415, -169.628, -17.361
Gyro: -59.951, 94.109, 34.722
Gyro: 13.255, 59.402, -46.734
Gyro: 8.249, -67.315, 23.115
Gyro: -17.384, 198.527, 67.705
Gyro: -32.532, -100.244, 25.710
Gyro: 32.845, 98.039, 53.602
Gyro: -14.454, 35.691, -99.969
Gyro: -2.228, -118.689, -123.161
Gyro: 7.517, 106.731, 76.580
Gyro: -8.738, -65.842, 76.954
Gyro: -29.724, 208.288, -75.244
Gyro: 23.016, -161.554, -82.295
Gyro: 25.008, 59.432, 13.904
Gyro: -80.739, -14.400, -13.370
Gyro: -58.822, -90.385, -24.290
Gyro: 82.669, -6.357, -27.259
Gyro: -5.708, -104.861, -38.500
Gyro: -89.820, 60.493, -29.480
Gyro: -12.012, -96.291, -85.539
Gyro: -42.102, 107.273, -51.549
Gyro: -39.553, 93.452, -0.748
Gyro: -12.202, -39.652, 1.458
Gyro: -13.416, 4.243, 6.082
Gyro: -15.240, 45.147, -108.501
Gyro: -31.197, -84.509, -153.732
Gyro: -4.098, 62.279, 25.267
Gyro: -59.158, -15.011, -41.209
Gyro: -46.070, -50.145, -26.213
Gyro: 73.077, 13.523, 8.692
Gyro: -11.287, -120.620, -30.876
Gyro: -28.976, 3.197, 25.404
Gyro: 20.963, 186.813, -24.252
Gyro: 14.415, -88.912, -82.250
Gyro: -14.362, 31.090, -72.161
Gyro: 7.814, 104.556, 61.310
Gyro: -21.413, -133.898, 57.479
Gyro: -23.565, 123.298, -48.313
Gyro: 40.614, -29.525, -80.075
Gyro: -16.323, -39.484, -40.324
Gyro: -16.407, 36.264, 39.889
Gyro: -26.045, 134.104, -83.547
Gyro: -16.636, 38.820, -64.766
Gyro: -24.763, 36.271, -106.426
Gyro: -17.995, 42.476, -28.610
Gyro: -0.633, -31.677, 35.699
Gyro: -3.709, -11.821, 6.830
Gyro: -3.922, -24.886, -0.237
Gyro: -7.334, 14.942, -3.549
Gyro: -2.946, -1.160, -2.869
Gyro: -2.129, 20.612, 0.420
Gyro: -1.656, 0.443, -4.945
Gyro: -3.930, 23.955, 2.862
Gyro: -4.167, -8.799, -0.305
Gyro: -4.541, 13.545, 6.174
Gyro: -5.296, 8.547, 1.488
Gyro: -1.221, 6.822, 5.525
Gyro: -1.832, 4.251, 7.921
