Gyro: -9.760, 31.815, 6.273
Gyro: -3.503, 3.365, 7.502
Gyro: 0.031, -14.759, -0.710
Gyro: 1.587, -3.266, -11.149
Gyro: 1.587, 8.104, -1.542
Gyro: -10.997, 7.448, 8.654
Gyro: -9.165, 3.335, 11.630
Gyro: -2.297, 8.684, -6.158
Gyro: -1.328, 12.103, -1.335
Gyro: -4.220, -9.699, -2.579
Gyro: -5.846, -1.244, 6.258
Gyro: -7.799, -0.870, 1.793
Gyro: -0.702, -6.876, 1.129
Gyro: 3.800, 0.504, -4.838
Gyro: 0.176, -3.075, -8.806
Gyro: 4.006, 1.839, -0.298
Gyro: -3.640, -0.443, 4.357
Gyro: -4.716, 2.564, -55.960
Gyro: 21.368, 8.082, 0.153
Gyro: -6.792, -40.759, -28.152
Gyro: -0.839, 56.342, -21.146
Gyro: -18.139, -5.151, 22.360
Gyro: -3.671, -21.322, 12.912
Gyro: 3.136, -33.440, 18.071
Gyro: 25.206, 50.450, -4.480
Gyro: 30.739, 47.176, 43.758
Gyro: 4.113, -21.001, -48.909
Gyro: -4.586, -10.829, 0.542
Gyro: -0.817, -23.497, -17.850
Gyro: 10.256, 21.772, -9.928
Gyro: -33.806, -30.777, -46.184
Gyro: -9.173, 28.510, -30.174
Gyro: 0.069, -53.358, 5.395
Gyro: -5.197, 140.522, -1.770
Gyro: -21.429, -90.186, 12.332
Gyro: -35.478, 27.717, -24.512
Gyro: -13.416, -43.895, 39.286
Gyro: 52.785, 23.886, -2.152
Gyro: 33.188, 122.947, 128.289
Gyro: -21.268, -110.722, -79.159
Gyro: 19.956, 47.955, 43.468
Gyro: -1.999, -38.416, -46.749
Gyro: 23.397, 28.449, -15.759
Gyro: -79.846, -11.332, -16.316
Gyro: -27.595, 132.074, -79.915
Gyro: 22.291, -163.797, 46.467
Gyro: -38.385, 140.293, -24.817
Gyro: -5.037, -67.239, 29.129
Gyro: -27.663, 25.290, -37.759
Gyro: 36.111, -28.159, 68.689
Gyro: 39.934, 5.372, 0.336
Gyro: -15.774, 16.865, 34.386
Gyro: -2.022, 64.835, -33.112
Gyro: 5.495, -84.455, -17.170
Gyro: 8.089, 17.857, -33.318
Gyro: -41.590, -10.920, -36.676
Gyro: -14.812, 49.473, -65.820
Gyro: 15.087, -140.507, 23.199
Gyro: -11.470, 139.988, -9.043
Gyro: -12.637, -90.575, 29.418
Gyro: -10.310, 33.379, -4.403
Gyro: 13.179, -48.764, 52.801
Gyro: 8.906, -6.052, -1.648
Gyro: 53.022, 106.525, 98.214
Gyro: 3.480, -17.437, -57.395
Gyro: 4.563, -42.529, -13.210
Gyro: 10.020, -0.679, -13.019
Gyro: 5.258, -20.116, 12.988
Gyro: -21.223, -8.616, -34.646
Gyro: -34.127, 2.534, 1.984
Gyro: -56.555, 10.081, -43.223
Gyro: -2.038, 32.372, 22.092
Gyro: -25.221, -7.677, 38.362
Gyro: -30.968, -46.642, 80.899
Gyro: 15.156, 117.453, 79.831
Gyro: -38.156, -98.359, 29.808
Gyro: -42.300, -11.676, 44.795
Gyro: -50.435, 63.065, 87.347
Gyro: -99.237, 25.343, 49.420
Gyro: -75.343, -2.099, 186.767
Gyro: -103.549, -31.975, 235.852
Gyro: -104.388, -48.825, 210.546
Gyro: -94.734, 137.164, 250.053
Gyro: -165.881, -26.274, 119.162
Gyro: -115.179, 250.053, 197.505
Gyro: -88.126, -56.372, 202.763
Gyro: -77.984, 65.194, 250.053
Gyro: -108.204, 29.357, 130.044
Gyro: -179.296, 97.825, 155.304
Gyro: -136.462, 32.120, 202.938
Gyro: -79.556, 6.326, 217.972
Gyro: -112.943, -20.688, 216.041
Gyro: -115.438, 3.640, 216.796
Gyro: -106.021, 88.294, 205.395
Gyro: -81.311, -97.550, 106.349
Gyro: -88.790, 2.701, 100.313
Gyro: -27.831, -171.284, 137.637
Gyro: -69.299, 97.879, 70.536
Gyro: 5.723, 63.744, 115.850
Gyro: -32.708, 13.782, 28.457
Gyro: -15.957, -21.719, 12.576
Gyro: -9.722, -77.160, 46.024
Gyro: -12.790, 49.794, -20.330
Gyro: -15.079, 111.935, -24.855
Gyro: 11.874, -29.220, 4.899
Gyro: -2.763, -24.191, -18.361
Gyro: -14.995, 2.976, -11.332
Gyro: -11.073, -1.129, -12.622
Gyro: -3.991, -12.798, 7.624
Gyro: 12.065, -22.741, 14.629
Gyro: 7.097, 44.246, -43.452
Gyro: 32.517, -1.755, 34.196
Gyro: -23.298, -11.821, -22.024
Gyro: 2.144, 54.976, 0.618
Gyro: -0.710, -91.827, -16.667
Gyro: 2.289, 49.435, 2.862
Gyro: -45.002, -28.159, -45.223
Gyro: -14.339, 48.855, -35.462
Gyro: -11.279, -94.475, 30.014
Gyro: -31.029, 135.951, 3.549
Gyro: -8.585, -94.857, 46.016
Gyro: -24.573, 45.849, -6.517
Gyro: -4.991, -58.402, 69.895
Gyro: 8.402, -0.519, 13.698
Gyro: 37.798, 95.490, 85.958
Gyro: -5.540, -36.645, -33.074
Gyro: -6.166, -0.557, -11.722
Gyro: 1.015, -10.813, -49.054
Gyro: 10.752, 13.324, -47.375
Gyro: -19.925, -77.015, 9.119
Gyro: -60.768, 190.652, -53.785
Gyro: 1.351, 13.507, -11.577
Gyro: -7.120, -67.361, 1.511
Gyro: -14.499, 17.247, 5.327
Gyro: 16.270, -35.516, 33.249
Gyro: 45.818, -17.048, -10.371
Gyro: 11.485, 25.092, 46.345
Gyro: 8.845, 94.841, -39.873
Gyro: 0.046, -94.277, -20.230
Gyro: -3.053, 46.970, -14.591
Gyro: 29.350, -33.463, -34.592
Gyro: -19.261, -65.728, -6.479
Gyro: -52.526, 114.179, -80.250
Gyro: 16.239, -34.768, 24.161
Gyro: -11.271, -16.239, 9.188
Gyro: -13.568, -9.936, 33.623
Gyro: -19.391, 22.337, -11.737
Gyro: 61.546, 57.959, 32.295
Gyro: 12.729, -45.017, 44.132
Gyro: -8.341, -40.324, -17.766
Gyro: -3.846, 17.567, 0.374
Gyro: -1.328, -40.583, -17.224
Gyro: 3.808, 4.434, 4.731
Gyro: -3.777, 3.136, -13.805
Gyro: -10.249, -13.515, -1.625
Gyro: -13.423, 17.605, -2.160
Gyro: 7.776, -25.244, -31.364
Gyro: -100.336, 71.116, -7.700
Gyro: -40.232, 0.710, 77.686
Gyro: -63.721, 8.898, 184.669
Gyro: -92.521, -17.643, 237.233
Gyro: -120.551, 71.932, 238.759
Gyro: -159.829, -53.884, 202.396
Gyro: -124.191, 165.346, 226.061
Gyro: -98.466, -201.015, 250.053
Gyro: -130.670, 99.580, 248.275
Gyro: -82.433, -142.132, 213.111
Gyro: -107.685, 126.427, 250.053
Gyro: -190.713, -101.809, 121.009
Gyro: -128.648, 136.760, 107.280
Gyro: -55.945, 9.409, 145.383
Gyro: -89.850, -74.153, 199.809
Gyro: -82.982, 125.458, 250.053
Gyro: -154.602, 10.165, 228.846
Gyro: -136.187, 11.126, 185.897
Gyro: -123.451, -71.810, 181.364
Gyro: -72.031, -181.792, 208.852
Gyro: -67.689, 91.819, 144.635
Gyro: -57.616, -76.755, 139.217
Gyro: -87.492, 107.601, 75.038
Gyro: -50.962, -53.991, 51.450
Gyro: -24.763, 23.199, -13.675
Gyro: 10.027, -112.447, -43.910
Gyro: 5.701, 85.226, -26.862
Gyro: 17.880, -6.319, -30.098
Gyro: 33.051, 32.555, 24.489
Gyro: -3.251, -23.031, 24.962
Gyro: 21.055, 46.543, 15.430
Gyro: 0.962, -34.127, -31.639
Gyro: 10.096, -5.304, -18.941
Gyro: 11.340, -17.353, -36.363
Gyro: -73.871, -19.811, -20.360
Gyro: -42.407, 165.179, -114.599
Gyro: 15.110, -250.061, 38.179
Gyro: -57.845, 164.522, -71.955
Gyro: -12.943, -65.789, 75.366
Gyro: 25.527, 44.452, 77.846
Gyro: 8.776, -44.773, 30.342
Gyro: -8.944, 23.321, 52.282
Gyro: -0.015, 73.779, -29.335
Gyro: 9.287, -117.376, -17.270
Gyro: -19.177, 47.787, -88.248
Gyro: -77.549, -74.176, -7.280
Gyro: -60.867, 250.053, -117.834
Gyro: 24.611, -201.725, 60.142
Gyro: -94.963, 159.112, -110.585
Gyro: 12.378, -28.487, 97.970
Gyro: 56.891, 24.710, 48.932
Gyro: -9.020, 101.992, 106.532
Gyro: -15.629, -82.341, -103.106
Gyro: 25.519, 32.639, 29.686
Gyro: -18.529, -6.273, -93.948
Gyro: -89.438, -32.967, -31.494
Gyro: -17.353, 212.302, -127.434
Gyro: 25.328, -229.510, 24.618
Gyro: -73.153, 181.532, -75.969
Gyro: 2.732, -118.666, 111.096
Gyro: 96.360, 104.045, 22.810
Gyro: -4.907, 47.947, 86.951
Gyro: -18.872, -122.993, -123.436
Gyro: 41.857, 146.230, 49.176
Gyro: -18.704, -96.085, -115.453
Gyro: -67.895, 51.580, -26.496
Gyro: -14.675, 140.896, -112.943
Gyro: 6.754, -223.275, 24.290
Gyro: -74.649, 236.027, -40.362
Gyro: 10.401, -127.969, 90.736
Gyro: 73.794, 67.643, 54.388
Gyro: 46.955, -20.826, 10.531
Gyro: -8.776, -166.598, -79.731
Gyro: 39.889, 218.315, 64.805
Gyro: 6.937, -135.974, -43.887
Gyro: -7.311, 104.487, 30.311
Gyro: -77.862, -92.285, 43.773
Gyro: -93.697, 250.053, -1.534
Gyro: -73.687, -12.767, 97.047
Gyro: -85.730, -120.421, 147.276
Gyro: -88.141, 74.710, 123.603
Gyro: -41.972, -57.158, 206.174
Gyro: -105.235, 114.789, 128.106
Gyro: -151.503, -170.383, 177.053
Gyro: -119.383, 141.957, 243.857
Gyro: -144.109, -12.439, 103.755
Gyro: -154.670, 131.555, 77.076
Gyro: -109.341, -196.803, 250.053
Gyro: -107.059, 26.274, 177.076
Gyro: -80.853, 111.500, 187.805
Gyro: -122.123, -161.935, 147.123
Gyro: -128.953, 83.066, 250.053
Gyro: -142.880, -11.615, 177.709
Gyro: -150.855, -83.524, 198.924
Gyro: -186.661, 120.078, 233.173
Gyro: -114.690, 56.158, 150.404
Gyro: -72.985, -149.451, 220.337
Gyro: -70.902, 223.039, 173.085
Gyro: -142.117, -122.001, 167.437
Gyro: -119.109, 31.578, 160.150
Gyro: -86.889, 4.251, 154.632
Gyro: -123.458, 11.989, 119.147
Gyro: -85.424, 63.538, 37.096
Gyro: -57.654, 8.730, 26.442
Gyro: -4.884, -104.556, 38.698
Gyro: -12.447, -14.797, 35.722
Gyro: 20.063, 108.700, 28.800
Gyro: 13.248, -142.331, 19.414
Gyro: -11.340, -13.820, 102.228
Gyro: -21.444, 12.859, 50.717
Gyro: -17.933, 6.487, -6.189
Gyro: -11.996, -34.333, -18.139
Gyro: -83.051, 108.150, -9.455
Gyro: -35.195, 46.139, -80.098
Gyro: 22.604, -113.072, 38.339
Gyro: -29.205, 98.100, -17.628
Gyro: -5.685, -67.743, 30.220
Gyro: -8.097, 27.259, -19.269
Gyro: 63.385, -5.586, 42.682
Gyro: 54.083, 85.470, 92.689
Gyro: -38.614, -145.551, -71.154
Gyro: -3.518, 111.103, 39.728
Gyro: 3.266, -90.110, -44.284
Gyro: -25.229, 136.928, -7.349
Gyro: -28.755, -98.420, 2.488
Gyro: -5.548, 22.543, 10.356
Gyro: -22.428, 75.488, 1.748
Gyro: -19.490, -106.395, 22.337
Gyro: -17.582, 38.866, -20.650
Gyro: 73.046, 41.682, 94.299
Gyro: 7.196, 50.076, 98.176
Gyro: -51.809, -171.268, -53.358
Gyro: 18.987, 174.756, 66.247
Gyro: 4.052, -116.644, -63.088
Gyro: -26.221, 113.645, -37.393
Gyro: -37.393, -41.552, -33.326
Gyro: 24.794, -41.071, -6.540
Gyro: -28.495, 90.575, 6.944
Gyro: -22.756, -132.647, 19.238
Gyro: 2.755, 29.449, 13.645
Gyro: 60.058, 11.287, 45.742
Gyro: -8.814, 112.828, 89.057
Gyro: -14.309, -35.073, -79.838
Gyro: 19.757, -30.548, -27.106
Gyro: -12.096, 6.601, -49.679
Gyro: -53.228, -44.109, -32.181
Gyro: -49.756, 64.812, -82.975
Gyro: 29.464, -201.229, 36.508
Gyro: -52.747, 167.521, -10.615
Gyro: -15.064, -107.067, 53.320
Gyro: -10.516, 43.063, -42.353
Gyro: 113.019, 122.703, 62.347
Gyro: 24.641, 11.607, 77.625
Gyro: -2.068, -148.985, -112.073
Gyro: 58.196, 186.210, -5.350
Gyro: 24.252, -100.282, -85.554
Gyro: 31.792, 57.227, -118.040
Gyro: 50.946, -9.295, -157.883
Gyro: 132.624, -42.987, -143.353
Gyro: 32.708, 99.512, -70.971
Gyro: 25.450, -88.255, -17.483
Gyro: -7.311, 25.259, -2.671
Gyro: 91.453, 80.205, 72.848
Gyro: 56.784, 30.243, 51.671
Gyro: -44.582, -181.906, -23.344
Gyro: 22.856, 171.566, 77.724
Gyro: 1.412, -114.164, -42.231
Gyro: -60.524, 177.930, -44.200
Gyro: -36.607, -45.009, -11.310
Gyro: 22.833, -202.854, 16.331
Gyro: -40.301, 166.232, 38.477
Gyro: -34.753, -153.472, 44.689
Gyro: -2.938, 25.939, -31.090
Gyro: 83.074, 99.763, 34.661
Gyro: 20.482, 59.570, 48.558
Gyro: 12.653, -79.831, -66.697
Gyro: 15.461, -12.851, 14.164
Gyro: -0.992, 1.244, -46.871
Gyro: -28.243, 21.810, -73.497
Gyro: -38.103, 1.702, -44.368
Gyro: 32.311, -120.627, -8.089
Gyro: -18.506, 115.476, 34.066
Gyro: -16.674, -143.002, 49.191
Gyro: -24.023, 71.200, -39.538
Gyro: 85.653, 83.654, 23.146
Gyro: 35.134, 67.857, 87.538
Gyro: -1.358, -129.121, -75.000
Gyro: 19.353, 90.720, 3.945
Gyro: 18.651, -39.713, -30.166
Gyro: 11.470, 49.916, -134.692
Gyro: 102.541, -86.279, -250.061
Gyro: 200.549, -73.626, -196.016
Gyro: 85.249, 18.636, -132.654
Gyro: 61.813, -66.323, -98.046
Gyro: 9.715, 15.919, -31.647
Gyro: -8.516, -9.211, 8.929
Gyro: 48.871, 31.319, 29.350
Gyro: 46.192, -70.063, -13.515
Gyro: 1.961, 107.051, 31.487
Gyro: -30.929, 33.402, -51.534
Gyro: -23.168, -65.881, 22.848
Gyro: -3.037, 78.991, -7.807
Gyro: -98.764, 5.563, -4.953
Gyro: -39.499, 120.261, -59.486
Gyro: -6.090, -175.382, 59.783
Gyro: -49.710, 132.105, -23.840
Gyro: -20.078, -53.594, 35.111
Gyro: -13.645, -15.621, 20.849
Gyro: 75.061, 21.955, 10.256
Gyro: 8.417, 146.604, 78.747
Gyro: 3.281, -36.775, -99.229
Gyro: 17.353, -50.794, -7.662
Gyro: -7.792, 15.743, -56.914
Gyro: -62.973, -50.939, -48.588
Gyro: -21.413, 49.130, -74.969
Gyro: 8.883, -198.855, 39.187
Gyro: -68.544, 196.375, 1.519
Gyro: -24.008, -130.578, 53.900
Gyro: 5.525, 70.582, 72.665
Gyro: 73.573, -0.252, 35.623
Gyro: -11.928, 6.105, 42.033
Gyro: -8.013, 79.312, -100.351
Gyro: 13.416, -126.297, -28.808
Gyro: -28.091, 76.206, -74.100
Gyro: -77.991, -85.348, -10.371
Gyro: 8.959, 204.678, -65.560
Gyro: 16.835, -52.824, 56.128
Gyro: -42.850, -28.800, 16.667
Gyro: -26.252, 15.095, 30.884
Gyro: 34.272, -83.593, 73.977
Gyro: 61.332, 39.476, 33.219
Gyro: -3.564, -30.418, 38.721
Gyro: 30.807, 94.422, -101.732
Gyro: 38.393, -159.890, -45.757
Gyro: 26.656, 86.790, -60.195
Gyro: -18.979, -54.174, -209.058
Gyro: 75.176, 31.479, -106.891
Gyro: 47.909, -98.405, -99.962
Gyro: 90.972, 62.851, -55.929
Gyro: 131.265, 152.953, -172.031
Gyro: 104.144, -250.061, -242.422
Gyro: 110.722, 26.358, -250.061
Gyro: 115.842, -186.485, -110.188
Gyro: 121.497, 174.107, -250.061
Gyro: 163.042, -86.126, -174.512
Gyro: 137.614, -25.595, -138.164
Gyro: 118.826, -215.461, -192.361
Gyro: 82.532, 37.447, -170.459
Gyro: 83.425, 25.717, -216.361
Gyro: 135.089, -139.980, -84.478
Gyro: 96.505, 18.201, -155.197
Gyro: 100.885, 21.932, -126.770
Gyro: 143.048, -58.341, -103.426
Gyro: 121.093, 161.218, -50.191
Gyro: 51.389, -75.542, -161.821
Gyro: 45.124, -101.458, -156.754
Gyro: 12.599, 183.532, -116.888
Gyro: 101.404, -118.597, -87.477
Gyro: 34.348, -17.857, -71.413
Gyro: 13.904, -4.670, 33.379
Gyro: 49.122, 53.518, 21.284
Gyro: -0.908, 79.785, 21.780
Gyro: -18.246, -33.829, -27.366
Gyro: -14.156, -66.400, 27.503
Gyro: -1.374, 47.077, -35.691
Gyro: -47.039, 22.100, 12.660
Gyro: 8.723, -61.287, -19.422
Gyro: 0.084, 12.210, 19.467
Gyro: -4.983, 10.646, 14.072
Gyro: 8.593, -33.944, -7.647
Gyro: -1.610, 27.259, -1.068
