Gyro: -13.378, 6.448, -8.272
Gyro: 2.320, 4.960, -2.480
Gyro: 2.221, 3.579, -1.114
Gyro: -11.844, -9.371, 2.633
Gyro: -4.060, -0.305, 3.281
Gyro: 5.800, 8.097, 10.417
Gyro: -8.211, 6.555, 0.130
Gyro: 3.121, 10.691, 1.969
Gyro: -2.328, -10.287, -0.435
Gyro: -4.960, 6.952, -0.374
Gyro: -6.189, 2.564, 0.633
Gyro: -4.594, 4.373, 0.076
Gyro: -2.160, 1.816, -0.496
Gyro: -1.839, 3.625, -1.198
Gyro: -2.305, 3.907, -1.114
Gyro: 1.999, 6.883, -3.953
Gyro: 5.784, -9.356, -6.105
Gyro: 4.968, -7.929, -7.685
Gyro: 18.674, -14.828, -12.546
Gyro: -9.905, 46.841, -54.823
Gyro: 30.746, -12.447, -6.967
Gyro: -4.274, -23.947, -5.502
Gyro: -5.449, 12.599, 1.045
Gyro: -15.240, 7.181, 8.776
Gyro: -12.721, -16.468, 6.716
Gyro: 17.239, -10.508, 26.503
Gyro: -4.625, -14.492, -14.133
Gyro: 48.153, 3.800, 59.829
Gyro: -26.679, -19.857, -5.784
Gyro: -14.316, 50.076, -5.784
Gyro: -7.822, -19.658, -18.201
Gyro: 9.913, 14.003, -2.923
Gyro: 5.853, 0.786, -69.483
Gyro: -3.068, -1.351, -1.580
Gyro: -48.619, 40.965, -73.611
Gyro: -0.611, 69.620, -24.641
Gyro: -15.667, -60.958, 9.882
Gyro: -35.981, 6.716, 19.551
Gyro: -19.269, -20.887, -13.278
Gyro: 57.234, 24.504, 85.417
Gyro: 26.343, -0.099, 59.158
Gyro: -27.984, -105.449, -0.794
Gyro: 5.372, 120.337, 1.076
Gyro: 1.717, -78.900, -20.307
Gyro: 6.120, 24.992, -25.984
Gyro: 25.527, -4.693, -3.541
Gyro: -49.054, -58.272, 8.944
Gyro: -52.259, 211.355, -109.051
Gyro: 11.828, -173.245, 63.446
Gyro: -32.937, 57.402, 6.166
Gyro: -19.727, -12.798, 17.407
Gyro: -4.075, -41.674, -25.321
Gyro: -14.072, -31.326, 73.176
Gyro: 59.219, 54.670, -2.167
Gyro: 17.811, 70.910, 81.433
Gyro: -16.445, 0.290, -65.331
Gyro: 11.340, -64.568, -14.538
Gyro: 16.629, 11.584, -35.379
Gyro: 16.018, -33.616, 5.586
Gyro: -53.915, -44.521, 22.680
Gyro: -68.498, 161.493, -89.278
Gyro: 13.034, -53.549, 41.918
Gyro: -32.654, -0.778, 24.435
Gyro: -13.820, -0.534, 32.921
Gyro: -10.256, -42.834, 38.706
Gyro: 66.659, 76.587, 54.510
Gyro: -15.285, 10.661, 108.990
Gyro: -80.769, -82.814, -7.257
Gyro: -16.033, 96.352, 78.739
Gyro: -1.343, -57.517, 12.218
Gyro: -7.998, 30.327, 27.167
Gyro: -94.681, 17.796, -1.793
Gyro: -71.230, 29.953, 2.793
Gyro: -46.368, -172.718, 114.293
Gyro: -91.132, 174.580, 56.967
Gyro: -34.776, -68.162, 75.595
Gyro: -62.836, 12.225, -0.305
Gyro: -26.923, -69.811, 63.103
Gyro: 28.831, 91.552, 66.262
Gyro: -7.013, 51.068, 95.589
Gyro: -19.460, 8.150, -19.414
Gyro: -26.252, -63.828, -29.121
Gyro: 25.351, -5.762, -20.803
Gyro: -52.038, 52.198, -43.674
Gyro: -59.119, -39.812, 9.150
Gyro: -25.191, -4.197, 13.782
Gyro: -36.943, 66.766, 48.573
Gyro: -27.518, -120.704, 32.814
Gyro: -29.983, 40.644, -6.654
Gyro: 29.403, -48.596, 109.486
Gyro: 52.961, 33.585, 77.717
Gyro: -43.903, -121.841, -30.334
Gyro: -4.731, 175.130, -5.395
Gyro: 1.305, -152.610, -24.336
Gyro: -7.395, 69.284, -29.319
Gyro: -76.374, -84.730, 4.113
Gyro: -18.300, 195.391, -79.853
Gyro: -6.479, -199.893, 54.090
Gyro: -45.421, 135.920, 3.419
Gyro: -29.754, -40.621, 30.655
Gyro: -39.629, 0.717, 8.249
Gyro: 61.775, 67.453, 90.835
Gyro: -11.569, 30.075, 144.429
Gyro: -49.466, -103.884, -41.064
Gyro: 12.195, 135.546, 50.343
Gyro: 2.534, -100.916, -21.467
Gyro: -3.182, 54.487, 13.805
Gyro: -66.178, -45.078, 35.050
Gyro: -112.447, 250.053, -38.049
Gyro: -21.818, -69.231, 83.074
Gyro: -68.697, -87.935, 66.117
Gyro: -28.861, 52.343, 8.425
Gyro: -15.232, -55.296, 61.989
Gyro: 20.215, 48.748, 34.707
Gyro: 25.137, -21.009, 148.436
Gyro: -12.263, 11.600, -48.397
Gyro: 12.492, -73.733, -8.776
Gyro: 8.791, 8.585, -39.675
Gyro: -32.440, -72.115, -19.216
Gyro: -43.773, 41.583, 10.417
Gyro: -27.221, -8.433, -9.310
Gyro: -27.205, 80.861, 7.975
Gyro: -22.871, -145.398, 22.810
Gyro: -23.733, 29.808, 25.633
Gyro: 54.113, -73.153, 87.752
Gyro: 47.039, 23.802, 86.035
Gyro: -34.531, -152.518, -50.382
Gyro: 14.751, 178.419, -25.069
Gyro: 17.842, -186.600, -53.564
Gyro: -1.267, 103.861, -19.513
Gyro: -81.632, -66.987, -23.168
Gyro: -42.712, 200.481, -139.469
Gyro: 12.080, -215.087, 39.171
Gyro: -73.039, 247.344, -18.582
Gyro: -22.840, -113.462, 56.006
Gyro: 10.676, 20.353, 34.905
Gyro: 79.998, 27.709, 13.362
Gyro: 1.748, 13.927, 45.810
Gyro: 8.150, 63.813, -75.778
Gyro: 20.696, -116.003, -32.494
Gyro: -11.523, 37.447, -53.945
Gyro: -74.061, -28.365, -45.078
Gyro: -10.172, 146.688, -94.811
Gyro: -1.511, -188.607, 62.698
Gyro: -55.029, 173.321, 1.938
Gyro: -23.046, -80.029, 40.095
Gyro: -17.521, 16.644, 1.915
Gyro: 57.502, 44.269, 24.038
Gyro: 37.637, 84.089, 128.335
Gyro: -16.438, -19.254, -38.469
Gyro: 7.143, -26.763, -11.859
Gyro: -3.915, -29.785, -31.166
Gyro: 6.586, 47.604, -28.449
Gyro: -34.638, -32.799, 20.505
Gyro: -77.251, 64.179, -92.788
Gyro: -40.102, 6.074, 84.585
Gyro: -85.668, -76.084, 124.626
Gyro: -80.830, 21.986, 120.597
Gyro: -117.262, 42.628, 153.961
Gyro: -19.559, -87.553, 149.092
Gyro: -107.196, 152.549, 179.976
Gyro: -116.926, -112.698, 172.466
Gyro: -130.792, 77.320, 241.720
Gyro: -172.428, 57.837, 134.470
Gyro: -151.847, -12.141, 250.053
Gyro: -126.648, 2.305, 235.524
Gyro: -75.221, -21.184, 170.147
Gyro: -106.303, 80.357, 235.760
Gyro: -164.599, -8.738, 51.915
Gyro: -137.515, 120.795, 210.989
Gyro: -117.369, -67.407, 215.423
Gyro: -102.236, 62.622, 197.382
Gyro: -75.176, 67.208, 206.952
Gyro: -127.045, 16.682, 160.676
Gyro: -120.398, 4.815, 135.295
Gyro: -59.623, 2.099, 120.070
Gyro: -72.024, 108.997, 71.009
Gyro: -119.658, -232.212, 144.650
Gyro: -79.563, 156.716, 170.406
Gyro: -138.156, -75.015, 133.768
Gyro: -139.957, 32.875, 165.293
Gyro: -38.637, -139.850, 128.114
Gyro: -54.899, 97.367, 88.988
Gyro: -28.976, -16.293, 61.134
Gyro: 28.396, -65.163, 14.820
Gyro: -40.987, 10.684, 20.978
Gyro: -7.212, 9.577, 6.754
Gyro: -34.234, -41.239, 28.159
Gyro: -25.229, 51.442, -63.523
Gyro: 17.697, -36.081, -13.019
Gyro: -20.383, 39.362, -44.673
Gyro: -19.795, 6.647, -6.197
Gyro: -7.265, -37.676, 25.153
Gyro: -22.337, -22.062, 11.332
Gyro: 43.773, 53.915, 24.031
Gyro: 13.515, -37.958, 47.856
Gyro: -0.839, 18.399, -32.517
Gyro: 6.738, -4.472, -7.189
Gyro: 5.609, -0.679, -31.731
Gyro: 5.815, 0.237, -74.489
Gyro: -25.984, -13.034, 8.059
Gyro: -21.055, 5.746, 8.036
Gyro: -8.951, 53.243, 7.471
Gyro: -28.640, -110.234, 12.134
Gyro: -26.885, 55.136, -19.345
Gyro: 63.874, -42.338, 95.070
Gyro: 43.979, 5.708, 51.625
Gyro: -34.203, -191.232, -12.813
Gyro: 7.196, 171.818, -3.694
Gyro: 10.630, -150.527, -25.946
Gyro: 11.676, 90.934, -21.345
Gyro: -98.832, -48.375, -32.311
Gyro: -35.150, 153.358, -65.263
Gyro: 0.687, -250.061, 57.631
Gyro: -82.143, 200.855, 10.050
Gyro: -30.075, -122.512, 58.547
Gyro: -29.777, 66.209, -6.479
Gyro: 81.303, 43.239, 7.494
Gyro: 42.514, 128.655, 104.716
Gyro: -21.055, -89.904, -73.802
Gyro: 20.948, 141.690, -12.996
Gyro: -2.946, -67.369, -50.588
Gyro: 2.396, 14.965, -45.917
Gyro: -20.933, -8.494, -8.020
Gyro: -7.150, -17.544, 2.411
Gyro: -21.551, 69.895, -10.035
Gyro: -26.770, -155.037, 18.399
Gyro: -17.705, 74.176, -13.477
Gyro: 102.534, -21.207, 61.310
Gyro: 17.392, 54.228, 72.650
Gyro: -19.483, -190.430, -76.358
Gyro: 56.502, 171.810, 38.454
Gyro: 12.683, -153.030, -44.643
Gyro: -0.817, 128.236, 35.630
Gyro: -60.401, -75.137, -15.331
Gyro: -45.894, 118.964, -55.441
Gyro: 4.876, 13.919, 30.792
Gyro: -20.085, -79.357, 33.310
Gyro: -18.414, 52.579, 1.549
Gyro: 54.525, -22.161, 65.743
Gyro: 30.433, -35.478, 84.478
Gyro: -34.898, -195.665, -26.870
Gyro: 34.020, 189.003, -29.067
Gyro: 44.116, -164.408, -117.292
Gyro: 41.339, 110.058, -32.189
Gyro: 35.524, -54.411, -138.713
Gyro: 114.889, 20.307, -209.211
Gyro: 122.176, -22.367, -163.591
Gyro: 53.442, 17.857, -83.578
Gyro: 26.152, -17.766, -54.144
Gyro: -4.808, 46.612, -20.604
Gyro: -20.963, -20.490, 12.882
Gyro: -21.429, -25.504, 13.668
Gyro: 59.531, 35.333, 76.229
Gyro: 33.379, -51.160, 101.679
Gyro: -32.372, -129.235, -31.754
Gyro: 38.935, 193.056, 8.310
Gyro: 7.143, -134.707, -26.954
Gyro: 16.453, 78.991, -4.625
Gyro: -64.286, -61.905, -33.959
Gyro: 4.457, 135.524, -87.775
Gyro: 27.610, -184.234, 31.616
Gyro: -17.972, 108.234, -6.693
Gyro: -19.650, -59.043, 68.269
Gyro: -8.814, 70.971, 9.524
Gyro: 5.502, -27.190, -0.557
Gyro: 29.838, 118.468, 91.300
Gyro: -18.529, -57.150, -30.487
Gyro: -11.661, -43.124, 5.548
Gyro: 7.471, 32.822, -20.223
Gyro: 11.973, -24.878, -10.371
Gyro: -13.042, -68.155, 10.485
Gyro: -6.456, 34.196, -50.962
Gyro: 16.148, 3.312, 2.373
Gyro: -33.837, -5.052, 22.695
Gyro: 2.808, -135.821, 31.487
Gyro: -18.147, 7.303, 14.919
Gyro: -0.351, -48.527, 27.244
Gyro: -2.114, -4.640, 7.212
Gyro: -4.930, 10.066, 9.348
Gyro: -3.892, 5.609, -3.541
Gyro: -2.572, 2.885, -0.755
Gyro: -5.517, -0.466, 0.046
Gyro: -6.227, 0.267, -1.114
Gyro: -2.640, -5.212, 12.721
Gyro: -8.356, -1.580, 10.623
Gyro: -7.128, -4.052, 11.325
Gyro: -1.610, 18.620, -0.160
Gyro: 3.136, 9.715, -2.824
Gyro: -0.557, 13.462, -2.518
Gyro: -7.295, 12.683, 7.753
Gyro: 5.311, 2.228, 1.793
Gyro: 7.204, 16.346, -22.451
Gyro: 0.458, 17.048, -28.930
Gyro: -5.540, 9.585, 12.492
Gyro: -12.309, 38.752, -15.835
Gyro: -6.464, 32.112, -24.092
Gyro: -6.464, -36.661, 9.440
Gyro: 4.197, 24.977, 12.408
Gyro: -15.507, 14.019, -5.548
Gyro: -27.679, 14.408, 9.272
Gyro: -21.886, -19.956, 31.700
Gyro: 14.454, 47.260, 33.913
Gyro: 30.754, 54.052, 96.368
Gyro: -1.465, -59.493, -29.579
Gyro: -1.389, 42.613, 0.641
Gyro: 2.724, -35.615, -28.480
Gyro: 16.003, 37.843, 4.663
Gyro: -58.761, -92.712, -2.244
Gyro: -30.082, 198.497, -63.431
Gyro: 9.257, -145.116, 57.463
Gyro: -19.406, 10.020, 16.567
Gyro: -4.495, -45.566, 31.777
Gyro: -15.453, 47.085, -20.803
Gyro: -0.900, -19.109, 37.874
Gyro: 20.322, -21.856, -39.606
Gyro: 10.752, 71.276, 94.704
Gyro: -14.286, -25.832, -1.793
Gyro: 15.942, -33.494, 37.401
Gyro: 72.184, -24.092, -95.024
Gyro: 151.252, 39.156, -250.061
Gyro: 145.284, -1.282, -250.061
Gyro: 174.489, 17.109, -182.776
Gyro: 82.875, -26.129, -180.441
Gyro: 75.313, -35.958, -36.989
Gyro: 7.730, 82.013, -40.453
Gyro: -7.196, -79.983, 17.292
Gyro: -47.367, 39.209, 61.256
Gyro: -83.356, 51.389, 15.186
Gyro: -5.479, -35.142, 17.727
Gyro: -18.002, -44.582, 34.531
Gyro: -19.261, 37.637, -1.465
Gyro: -6.433, 14.087, 18.933
Gyro: -20.398, -34.837, 14.965
Gyro: 17.353, 38.172, -47.131
Gyro: 53.480, 92.666, 78.999
Gyro: -11.378, -82.761, -62.034
Gyro: 2.633, 32.128, 9.867
Gyro: 3.777, -24.222, -32.082
Gyro: 15.560, 31.158, -46.368
Gyro: -29.693, -55.937, 3.648
Gyro: -11.424, 35.012, -27.618
Gyro: -10.180, 62.889, 20.200
Gyro: -14.515, -118.689, 10.859
Gyro: -24.908, 35.867, 11.149
Gyro: 90.713, 3.304, 100.130
Gyro: 50.466, -8.738, 55.983
Gyro: -35.997, -158.379, -40.850
Gyro: 38.591, 221.444, 14.545
Gyro: 16.491, -146.757, -23.100
Gyro: 26.190, 64.774, 13.172
Gyro: -59.646, -77.083, 2.488
Gyro: -44.437, 193.933, -53.419
Gyro: -3.999, -27.038, 49.023
Gyro: -51.045, -40.369, 30.281
Gyro: -26.389, 5.479, 10.417
Gyro: 69.177, -15.949, 66.621
Gyro: 58.097, -12.363, 63.820
Gyro: -24.183, -91.323, -26.610
Gyro: 17.384, 151.107, -4.701
Gyro: 10.134, -134.180, -20.154
Gyro: -7.112, 73.581, -40.194
Gyro: -88.225, -49.382, -42.918
Gyro: -15.675, 128.831, -105.746
Gyro: 13.255, -173.130, 59.783
Gyro: -48.878, 157.975, -4.418
Gyro: -35.417, -94.605, 35.317
Gyro: 0.214, 32.708, -7.631
Gyro: 32.769, 24.679, 42.018
Gyro: 40.446, 145.681, 82.585
Gyro: -10.699, -32.318, -57.540
Gyro: 9.516, -44.361, -14.278
Gyro: -2.625, 16.697, -49.191
Gyro: 10.638, -33.204, -18.040
Gyro: 19.643, -42.643, -84.188
Gyro: 43.864, -9.570, -66.606
Gyro: 42.842, 45.513, -75.817
Gyro: 42.292, -34.524, -27.724
Gyro: 132.555, 134.715, -8.524
Gyro: 59.470, -96.711, -58.402
Gyro: 69.055, 9.989, -175.122
Gyro: 104.464, 21.139, -200.191
Gyro: 95.475, -156.754, -98.520
Gyro: 95.002, 112.195, -157.440
Gyro: 125.145, -11.447, -137.958
Gyro: 146.505, -16.667, -118.429
Gyro: 111.531, 90.339, -146.444
Gyro: 43.162, -48.291, -228.075
Gyro: 93.208, 0.450, -190.507
Gyro: 83.883, -105.960, -91.705
Gyro: 112.447, 130.258, -124.382
Gyro: 197.940, 8.929, -95.757
Gyro: 125.275, -211.042, -135.211
Gyro: 89.240, -7.639, -188.897
Gyro: 92.102, -27.335, -222.833
Gyro: 96.596, -66.758, -108.394
Gyro: 106.601, 107.502, -174.847
Gyro: 92.727, -69.216, -82.212
Gyro: 138.194, 5.708, -122.062
Gyro: 120.589, -159.570, -169.849
Gyro: 56.464, -30.388, -138.774
Gyro: 71.772, 99.092, -145.482
Gyro: 24.512, -118.376, -56.143
Gyro: 68.819, 14.515, -48.016
Gyro: 126.030, 73.603, -64.896
Gyro: 27.022, -42.666, -76.679
Gyro: 27.144, 43.132, -81.899
Gyro: 37.126, -69.490, -52.007
Gyro: -12.187, -11.386, -20.971
Gyro: -9.562, 81.532, -44.330
Gyro: 13.889, -16.445, 10.867
Gyro: -8.784, -11.386, -4.083
Gyro: -16.865, -9.333, -3.159
Gyro: -20.192, 9.028, 10.852
Gyro: 7.891, -19.277, 62.973
Gyro: -0.939, 53.289, -16.583
Gyro: 27.076, 8.570, 58.814
Gyro: -19.879, 46.215, -5.418
Gyro: -5.693, -3.236, -19.208
Gyro: -0.031, -33.135, -10.325
Gyro: -12.195, 17.926, -0.114
Gyro: 4.022, -7.044, -54.121
Gyro: -15.743, -23.329, 4.647
Gyro: -78.526, 123.748, -86.638
Gyro: 14.965, -33.463, 42.819
Gyro: -16.766, -46.184, -25.351
Gyro: -14.301, -25.748, 31.288
Gyro: -8.028, 15.201, -11.157
Gyro: 56.799, -14.515, 45.986
Gyro: 26.496, 71.337, 97.993
Gyro: -21.016, -92.651, -60.974
Gyro: -4.922, 75.672, 6.609
Gyro: 17.262, -73.977, -28.297
Gyro: 4.686, 76.557, 0.153
Gyro: -49.542, -102.251, 13.317
Gyro: -60.897, 219.689, -85.386
Gyro: 16.346, -83.097, 21.375
Gyro: -10.096, -13.294, 0.267
Gyro: -28.037, -19.986, 24.649
Gyro: -1.984, -29.502, 10.958
Gyro: 43.674, 34.264, 27.908
Gyro: 51.885, 48.390, 98.649
Gyro: -5.998, -56.922, -54.663
Gyro: 9.081, 25.565, -10.356
Gyro: 13.660, -52.701, -29.113
Gyro: -22.749, 83.074, -51.076
Gyro: -27.793, -77.076, 5.739
Gyro: -101.335, 158.425, -80.762
Gyro: 0.946, -7.173, 29.350
Gyro: -22.962, -55.319, 11.569
Gyro: -26.419, -15.392, 32.875
Gyro: 39.629, 0.496, 54.647
Gyro: 11.180, -3.182, 55.533
Gyro: 12.012, 76.053, 41.110
Gyro: 14.545, 17.346, -6.326
Gyro: 7.494, -80.243, -3.945
Gyro: 9.066, 25.557, -19.689
Gyro: 7.654, -52.724, -3.938
Gyro: -38.057, 8.448, 64.469
Gyro: -106.990, 136.226, 50.694
Gyro: -123.939, 51.824, 239.705
Gyro: -167.483, -105.388, 238.111
Gyro: -132.883, 141.583, 198.390
Gyro: -87.454, -84.799, 162.843
Gyro: -42.193, 8.188, 17.399
Gyro: -26.023, 25.000, 24.908
Gyro: -19.948, 1.755, -6.281
Gyro: -14.713, 4.243, -21.497
Gyro: -16.613, -15.591, -33.906
Gyro: 56.509, 39.591, 4.976
Gyro: 29.731, -16.361, -10.417
Gyro: 22.779, 7.425, -42.674
Gyro: 23.939, 31.342, -34.249
Gyro: 19.345, -41.209, -46.314
Gyro: 17.682, 7.998, -8.234
Gyro: 23.848, -26.442, -22.848
Gyro: -63.553, -57.692, 21.261
Gyro: -52.648, 200.084, -121.535
Gyro: 29.991, -152.198, 54.754
Gyro: -33.532, 48.932, -4.800
Gyro: -33.707, -12.309, 67.415
Gyro: -20.894, 8.257, -22.512
Gyro: 79.937, 25.969, 38.049
Gyro: 17.674, 57.051, 103.976
Gyro: -44.399, -111.264, -63.408
Gyro: 3.648, 113.622, 29.876
Gyro: 8.417, -62.981, -20.925
Gyro: 1.557, 28.556, 3.869
Gyro: -62.218, -28.350, -47.688
Gyro: -16.972, 113.462, -71.688
Gyro: 19.650, -157.089, 27.770
Gyro: -22.993, 146.093, -24.023
Gyro: -12.469, -76.557, 23.634
Gyro: -17.857, 16.178, -24.306
Gyro: -8.394, -37.576, 35.524
Gyro: 66.163, 36.462, 3.426
Gyro: 51.923, 62.744, 70.864
Gyro: -19.376, -99.771, -65.285
Gyro: 7.105, 25.702, -4.579
Gyro: 4.739, -3.510, -15.911
Gyro: 24.237, -19.994, 15.766
Gyro: -18.880, 26.137, -86.447
Gyro: -19.452, -47.253, 62.851
Gyro: -89.644, 31.853, 46.139
Gyro: -83.005, 150.755, 129.037
Gyro: -100.618, -112.126, 158.890
Gyro: -118.254, 44.910, 144.696
Gyro: -76.297, -17.506, 100.488
Gyro: -77.244, -7.173, 58.829
Gyro: -66.743, 5.716, 34.173
Gyro: -45.627, -3.999, 43.162
Gyro: -35.150, -20.788, 7.662
Gyro: 84.623, 56.105, 16.087
Gyro: 28.045, 41.033, 66.636
Gyro: -33.463, -110.073, -28.091
Gyro: 5.235, 108.005, -6.540
Gyro: 0.595, -64.835, -22.184
Gyro: 3.182, 22.077, -5.037
Gyro: 15.675, -11.012, -25.809
Gyro: -33.776, -23.001, 11.393
Gyro: -78.892, 171.177, -92.613
Gyro: 8.600, -117.392, 39.332
Gyro: -37.866, 27.824, 0.626
Gyro: -35.981, 2.839, 30.205
Gyro: -4.647, -52.793, 9.554
Gyro: 74.718, 57.669, 29.846
Gyro: 40.820, 37.523, 89.339
Gyro: -35.752, -119.460, -60.264
Gyro: 10.043, 138.958, 34.455
Gyro: 15.697, -73.947, -58.455
Gyro: 8.700, 25.969, -7.944
Gyro: -57.891, -20.002, 8.104
Gyro: -35.417, 102.289, -42.415
Gyro: -10.745, 14.248, 40.629
Gyro: -24.237, -98.642, 29.655
Gyro: -28.877, 14.614, -1.534
Gyro: 33.898, -46.627, 102.816
Gyro: 74.985, 2.137, 60.264
Gyro: -20.246, -93.971, -8.448
Gyro: 13.935, 160.058, -35.699
Gyro: 6.868, -134.318, -22.718
Gyro: 1.496, 41.171, -3.709
Gyro: -92.300, -36.371, -26.961
Gyro: -7.708, 135.005, -111.241
Gyro: 11.393, -212.698, 59.638
Gyro: -47.734, 177.526, -0.694
Gyro: -25.214, -76.580, 45.826
Gyro: -10.409, -0.488, -19.559
Gyro: 108.326, 69.696, 83.600
Gyro: 31.632, -32.341, 57.402
Gyro: -16.003, -165.018, -78.984
Gyro: 42.521, 133.723, 52.534
Gyro: 10.035, -90.575, -49.054
Gyro: 35.569, 59.058, 46.253
Gyro: -70.101, -62.416, 4.067
Gyro: -34.592, 80.800, -108.196
Gyro: 11.928, -55.769, 54.296
Gyro: -27.846, -15.568, 20.360
Gyro: -29.251, 4.983, 57.959
Gyro: -29.533, -9.394, -18.834
Gyro: 108.249, 31.258, 1.725
Gyro: -7.181, 86.256, 128.220
Gyro: -57.509, -88.423, -43.124
Gyro: -3.289, 88.698, 13.507
Gyro: -3.495, -95.551, -11.348
Gyro: 1.893, 118.223, 36.691
Gyro: -109.020, -61.073, 92.750
Gyro: -151.274, 245.513, -78.694
Gyro: -62.614, -74.061, 183.944
Gyro: -123.397, -173.558, 250.053
Gyro: -132.746, 176.717, 235.005
Gyro: -127.389, -141.629, 174.046
Gyro: -140.530, 125.122, 250.053
Gyro: -224.168, -70.887, 64.507
Gyro: -127.373, -103.487, 172.932
Gyro: -106.578, -43.552, 192.025
Gyro: -84.051, 119.979, 250.053
Gyro: -131.059, -5.823, 142.979
Gyro: -234.447, 250.053, 99.687
Gyro: -124.374, -52.213, 185.012
Gyro: -95.719, -115.316, 243.796
Gyro: -46.123, 236.897, 192.476
Gyro: -124.443, 14.675, 227.755
Gyro: -93.407, -36.348, 81.433
Gyro: -98.878, 51.412, 250.053
Gyro: -140.385, -145.307, 250.053
Gyro: -51.076, 19.712, 202.335
Gyro: -117.972, -157.448, 130.525
Gyro: -62.034, 22.405, 82.906
Gyro: -87.164, 41.270, 66.125
Gyro: -40.224, -49.573, 102.579
Gyro: -52.328, 48.825, 39.354
Gyro: -16.339, 72.222, 69.231
Gyro: 38.660, -14.446, -3.556
Gyro: -36.912, -110.524, 26.503
Gyro: -1.572, 48.893, 13.286
Gyro: 9.997, -18.002, -9.005
Gyro: 9.417, 17.208, -3.884
Gyro: 11.645, -38.118, -3.442
Gyro: -78.518, 63.568, -10.325
Gyro: -47.390, 76.832, -69.422
Gyro: 10.348, -117.315, 6.448
Gyro: -19.109, 44.208, 1.328
Gyro: -15.873, -18.574, 45.711
Gyro: -16.316, 8.265, -3.350
Gyro: 66.918, 25.031, 22.489
Gyro: 18.033, 33.677, 94.132
Gyro: -36.600, -105.151, -48.077
Gyro: 16.499, 120.513, 36.241
Gyro: 13.400, -88.271, -13.935
Gyro: 10.852, 58.745, -12.653
Gyro: -32.975, -94.795, -2.465
Gyro: -58.402, 192.361, -70.902
Gyro: -1.641, -13.645, 29.724
Gyro: -19.368, -75.404, 15.507
Gyro: -38.065, 10.859, 18.926
Gyro: 3.732, -58.684, 47.573
Gyro: 27.358, 29.136, 32.578
Gyro: 37.767, 86.615, 84.432
Gyro: -2.908, -18.689, -25.778
Gyro: -0.183, -27.160, -14.606
Gyro: 9.020, -16.415, -54.655
Gyro: 15.644, 19.452, -53.312
Gyro: -23.443, -38.454, 7.395
Gyro: -39.927, 79.541, -42.743
Gyro: -26.587, 82.845, 4.312
Gyro: -10.073, -127.144, 10.867
Gyro: -33.715, 20.452, 10.653
Gyro: 47.268, -35.630, 61.287
Gyro: 51.999, -8.623, 25.954
Gyro: -3.129, -10.157, 9.272
Gyro: 4.251, 93.338, -41.209
Gyro: 0.321, -125.099, -28.396
Gyro: -2.282, 50.023, -57.372
Gyro: -33.127, -8.455, -27.305
Gyro: -15.720, 48.466, -73.107
Gyro: 24.443, -121.360, 23.153
Gyro: -31.387, 130.380, -21.894
Gyro: -7.853, -118.239, 18.613
Gyro: -3.014, 44.185, -31.441
Gyro: 81.059, 4.045, 60.768
Gyro: 54.342, -1.267, 52.625
Gyro: -24.542, -195.047, -49.573
Gyro: 39.934, 219.223, 9.852
Gyro: 17.270, -144.780, -58.547
Gyro: 2.366, 89.538, -30.693
Gyro: -50.397, -25.404, -64.744
Gyro: 7.708, 120.612, -144.567
Gyro: 60.623, -182.005, -6.578
Gyro: -25.046, 180.151, -73.329
Gyro: -6.258, -96.459, 54.815
Gyro: 5.182, 33.837, -28.556
Gyro: 87.958, 53.510, -6.349
Gyro: 55.937, 141.682, 42.918
Gyro: -3.701, -72.169, -91.903
Gyro: 29.357, 6.540, -41.186
Gyro: 15.568, -34.745, -73.298
Gyro: 2.556, 42.972, -74.550
Gyro: 2.099, 1.259, -66.735
Gyro: 56.128, -62.676, -41.140
Gyro: -7.769, 126.740, -39.248
Gyro: 8.288, -136.195, 20.002
Gyro: -16.232, 60.546, -18.872
Gyro: 91.140, -35.607, 81.265
Gyro: 60.020, -28.030, 31.136
Gyro: -13.515, -110.668, -19.994
Gyro: 28.426, 159.661, -33.814
Gyro: 15.636, -130.853, -28.182
Gyro: 2.389, 92.163, -29.113
Gyro: -64.164, -71.818, -35.836
Gyro: -23.024, 133.730, -122.245
Gyro: 45.437, -157.822, 32.425
Gyro: -20.284, 126.030, -43.987
Gyro: -12.172, -87.340, 30.517
Gyro: -28.442, 22.688, -27.602
Gyro: 69.406, 34.386, 29.968
Gyro: 24.084, 158.295, 46.757
Gyro: 15.789, -2.969, -81.258
Gyro: 33.013, -100.939, -51.045
Gyro: 5.952, 29.937, -84.997
Gyro: -24.313, -12.897, -84.890
Gyro: 15.301, 34.654, -79.846
Gyro: 42.460, -82.273, -26.236
Gyro: 1.503, 124.596, -61.279
Gyro: 7.143, -88.507, 17.735
Gyro: -5.189, 21.848, -18.017
Gyro: 112.614, 72.077, 67.636
Gyro: 41.827, 52.595, 20.582
Gyro: 4.434, -173.107, -91.743
Gyro: 64.003, 123.993, 8.127
Gyro: 11.630, -98.420, -53.152
Gyro: 38.042, 79.403, -38.683
Gyro: -39.476, -2.602, -41.232
Gyro: -30.159, 119.483, -96.551
Gyro: 3.274, -0.687, 40.774
Gyro: -25.168, -93.117, 21.131
Gyro: -24.077, 10.539, 33.173
Gyro: 55.357, -28.823, 84.966
Gyro: 73.313, -23.642, 40.705
Gyro: -15.926, -135.531, -26.099
Gyro: 21.673, 197.169, -11.500
Gyro: 13.416, -171.291, -23.451
Gyro: -5.281, 113.584, -35.027
Gyro: -13.225, -120.269, -2.343
Gyro: -60.607, 128.777, -87.386
Gyro: 12.546, -16.651, 12.019
Gyro: -8.936, -38.072, 1.076
Gyro: -37.843, -25.740, 22.299
Gyro: -10.424, -29.869, -30.052
Gyro: 78.816, 89.019, 31.761
Gyro: 38.843, 37.019, 67.063
Gyro: -19.879, -90.965, -69.429
Gyro: 8.333, 66.865, 0.176
Gyro: 1.748, -65.934, -64.835
Gyro: -11.432, 115.919, -48.397
Gyro: 16.506, -25.962, -58.188
Gyro: 53.136, -58.371, -71.284
Gyro: 11.729, 83.646, -62.225
Gyro: 18.926, -63.088, 2.213
Gyro: -3.487, 4.853, -27.083
Gyro: -4.525, 18.567, -6.967
Gyro: 35.424, -29.228, -44.765
Gyro: 84.783, 119.826, 63.874
Gyro: 18.040, -82.570, -98.687
Gyro: 36.714, -61.836, -51.778
Gyro: 26.305, 20.238, -64.255
Gyro: 40.316, 4.014, -37.179
Gyro: -14.896, -21.658, -77.488
Gyro: 28.159, 47.100, -79.388
Gyro: 25.076, 10.691, -14.675
Gyro: 16.980, -32.975, -24.206
Gyro: 4.418, -3.007, -15.255
Gyro: -12.294, 4.464, 6.357
Gyro: 33.028, 24.183, 27.556
Gyro: -2.244, 42.605, 30.762
Gyro: -5.021, -42.147, -46.734
Gyro: -12.920, -67.453, 0.649
Gyro: -11.783, 26.572, 3.747
Gyro: 1.709, 0.542, -19.170
Gyro: -11.248, -1.526, 14.103
Gyro: -7.547, 14.415, 3.442
Gyro: -7.166, -1.183, 9.875
Gyro: -2.228, -10.020, -2.961
Gyro: -0.977, 10.844, -7.021
Gyro: -3.770, 4.388, -10.806
Gyro: -1.305, 4.678, -9.867
Gyro: 2.205, 2.862, -6.281
Gyro: 0.649, 5.960, -3.106
