Gyro: 3.907, 30.319, -12.157
Gyro: -4.266, 4.571, 0.145
Gyro: 1.519, 8.600, 0.977
Gyro: -3.884, -1.236, 4.579
Gyro: -1.000, -0.443, 2.938
Gyro: -5.708, 7.112, 2.244
Gyro: -6.433, 1.442, 2.846
Gyro: -5.403, 1.687, -0.458
Gyro: -2.648, -0.092, 1.839
Gyro: -8.074, -1.717, 2.312
Gyro: 1.129, -0.397, 1.427
Gyro: -2.518, 0.008, 2.602
Gyro: 5.380, 4.571, 2.763
Gyro: -40.194, 20.185, 0.473
Gyro: -134.524, -6.372, 24.641
Gyro: -181.311, -3.556, 6.746
Gyro: -31.174, 49.389, -34.089
Gyro: 65.682, 108.883, -7.204
Gyro: 63.568, 135.577, 40.781
Gyro: 89.324, 79.922, 45.765
Gyro: 49.389, -17.254, 56.960
Gyro: -8.341, -64.255, 78.800
Gyro: -0.511, -127.297, 38.897
Gyro: 24.267, -199.222, 7.746
Gyro: -18.246, -188.324, 59.806
Gyro: -118.223, -82.387, 67.117
Gyro: -161.073, 21.543, 45.856
Gyro: -116.629, 250.053, 20.024
Gyro: -23.069, 250.053, 47.657
Gyro: 103.961, 193.758, 58.333
Gyro: 111.050, 170.055, 17.147
Gyro: 107.921, -5.838, 35.485
Gyro: 53.968, -250.061, 18.338
Gyro: 91.529, -89.278, 38.843
Gyro: 40.553, -194.879, 67.628
Gyro: -75.939, -202.457, 132.784
Gyro: -97.344, -250.061, 232.822
Gyro: -145.505, 0.916, 65.385
Gyro: -144.269, 162.966, 32.502
Gyro: -12.988, 250.053, 44.330
Gyro: 80.617, 250.053, 24.618
Gyro: 150.046, 87.080, -16.873
Gyro: 170.910, 54.121, 14.156
Gyro: 181.158, -220.513, 90.156
Gyro: -6.303, -140.751, 96.574
Gyro: -43.857, -152.282, 63.736
Gyro: -31.189, -127.465, 108.868
Gyro: -60.798, -38.126, 75.755
Gyro: -15.415, 185.508, -8.898
Gyro: 208.524, -117.460, 29.182
Gyro: 134.570, 106.052, -89.927
Gyro: 32.975, 142.880, -151.625
Gyro: 10.791, 108.959, -112.966
Gyro: -86.615, 116.354, -12.737
Gyro: -101.870, 136.264, 9.608
Gyro: -119.063, 97.863, 22.611
Gyro: -92.460, 93.613, -6.006
Gyro: -130.907, 50.954, -86.279
Gyro: -91.247, -35.798, -63.980
Gyro: -14.576, -250.061, -94.437
Gyro: 89.454, -161.821, -42.987
Gyro: 86.836, -92.834, -20.650
Gyro: 143.475, 14.614, -49.122
Gyro: 89.896, 116.819, -70.894
Gyro: 81.258, 221.284, -113.484
Gyro: -44.216, 150.450, -46.528
Gyro: -97.207, 53.075, -17.346
Gyro: -130.823, 26.129, -21.123
Gyro: -71.856, -150.717, -117.766
Gyro: 27.831, -250.061, -20.696
Gyro: -35.997, 67.491, -65.537
Gyro: 38.309, -18.536, -6.670
Gyro: -7.921, 19.376, 18.429
Gyro: 27.198, 23.214, -2.938
Gyro: -18.307, 161.302, -37.294
Gyro: -14.858, 146.398, -19.223
Gyro: -3.694, 122.642, -12.523
Gyro: 2.686, -34.692, 8.005
Gyro: 21.413, -8.471, -0.504
Gyro: 8.951, -0.214, 9.112
Gyro: 1.290, -11.928, 16.712
