Gyro: 6.647, -31.319, 12.462
Gyro: 13.477, -51.480, -28.953
Gyro: -8.730, 3.884, -3.648
Gyro: -2.457, 1.572, -12.347
Gyro: -3.823, 3.617, -5.006
Gyro: -2.320, -2.053, -1.603
Gyro: -6.654, -4.670, -7.883
Gyro: -6.227, -0.832, -5.853
Gyro: -4.586, 0.633, 0.801
Gyro: -4.518, -0.366, -0.679
Gyro: -4.350, 1.687, -0.954
Gyro: -3.884, 2.335, 1.152
Gyro: -4.129, 2.328, -0.305
Gyro: -4.754, 3.083, -1.152
Gyro: -4.006, 8.074, -6.616
Gyro: -0.786, -7.051, -17.521
Gyro: -2.083, 4.403, -2.824
Gyro: -23.977, -14.263, 33.349
Gyro: 5.495, -17.010, -9.310
Gyro: -14.225, 10.554, -30.907
Gyro: 46.223, -39.042, -21.566
Gyro: -0.527, 25.908, 28.747
Gyro: -25.641, 27.358, 22.795
Gyro: 17.277, 121.238, -17.071
Gyro: -5.464, -14.103, -24.786
Gyro: 29.762, -60.096, -4.319
Gyro: 14.980, -17.598, 13.897
Gyro: -53.579, 86.264, 13.744
Gyro: 14.560, 122.024, -13.729
Gyro: 10.058, -54.579, -24.176
Gyro: -14.927, 74.504, -11.653
Gyro: 5.128, 9.737, 45.818
Gyro: -30.571, -119.193, 56.136
Gyro: -20.383, 129.243, -45.658
Gyro: 73.283, 4.083, 13.095
Gyro: -2.091, -141.697, 4.983
Gyro: -14.255, 6.960, 42.399
Gyro: 10.188, 167.491, -7.135
Gyro: -2.091, -40.491, -15.781
Gyro: 40.377, -28.716, 66.789
Gyro: 25.252, 32.234, 107.921
Gyro: 19.338, -6.235, 129.953
Gyro: 15.522, -49.565, 143.193
Gyro: 36.538, 17.239, 138.248
Gyro: 15.362, -6.723, 53.243
Gyro: -14.179, -33.608, 52.450
Gyro: -11.317, -22.108, 33.310
Gyro: -3.075, -18.574, -2.404
Gyro: -5.411, 11.531, -4.937
Gyro: -6.685, -2.213, -14.782
Gyro: -6.792, 3.694, -0.343
Gyro: -2.938, -2.495, 4.243
Gyro: -4.388, -1.419, 0.015
Gyro: -4.373, 1.267, -0.114
Gyro: -5.525, 2.213, -2.076
Gyro: -3.014, -0.687, 2.457
Gyro: -1.519, -2.068, 4.151
Gyro: -3.167, 0.778, 2.289
Gyro: -4.052, 1.832, 0.786
Gyro: -5.266, 2.724, -1.015
Gyro: -4.266, 2.022, 0.710
Gyro: -3.694, 0.687, 0.748
Gyro: -3.762, -1.015, 1.122
Gyro: -3.907, 4.258, 0.366
Gyro: -4.586, 2.060, 0.771
Gyro: -4.502, 4.220, -0.290
Gyro: -3.968, 0.954, 0.748
Gyro: -4.586, 4.930, -0.916
Gyro: -3.831, 2.297, -0.183
Gyro: -3.213, 2.938, 0.458
Gyro: -3.327, -0.527, 1.687
Gyro: -3.739, 1.206, 0.229
Gyro: -4.220, 2.839, 0.740
Gyro: -3.434, 1.595, 1.687
Gyro: -3.327, 2.785, 1.068
Gyro: -3.388, 3.472, 0.931
Gyro: -4.586, 4.602, 0.130
Gyro: -4.563, 2.167, 0.206
Gyro: -4.472, 1.236, 0.435
Gyro: -3.190, -0.305, 1.084
Gyro: -8.463, 10.646, 20.841
Gyro: 44.681, 28.587, -22.665
Gyro: 1.061, -8.639, 12.454
Gyro: -22.833, 61.073, 25.359
Gyro: 10.325, 101.709, 0.656
Gyro: -6.777, -64.286, -39.553
Gyro: 19.216, -145.482, -51.931
Gyro: 29.251, 90.278, 76.290
Gyro: -59.585, -75.053, 28.396
Gyro: -24.985, 32.440, -29.335
Gyro: 92.254, -5.968, 27.373
Gyro: 40.278, -107.387, -7.021
Gyro: -82.738, 18.414, -34.135
Gyro: -15.957, -216.812, 2.282
Gyro: 81.151, 55.868, 30.525
Gyro: 24.756, -182.975, 11.516
Gyro: -118.094, 29.609, -24.809
Gyro: 3.426, -235.668, -52.709
Gyro: 18.391, 197.985, -3.655
Gyro: -17.979, -103.243, 49.016
Gyro: -34.051, 18.117, -1.770
Gyro: 9.867, 101.450, -35.104
Gyro: 27.633, -154.937, 22.276
Gyro: -14.217, 238.408, 26.580
Gyro: -0.107, -10.264, 40.789
Gyro: -19.345, -132.776, 68.941
Gyro: -13.332, 75.313, -40.293
Gyro: 13.774, -85.798, -9.554
Gyro: -10.249, 94.650, 34.165
Gyro: 8.730, -116.339, 29.563
Gyro: -5.273, -6.487, -27.694
Gyro: -1.313, 7.425, 0.305
Gyro: -5.800, -0.946, -4.174
Gyro: -2.541, 2.038, -0.549
Gyro: -4.563, 1.786, 1.389
Gyro: -6.029, 3.236, -2.297
Gyro: -5.319, -3.846, -3.465
Gyro: -3.342, 1.519, 2.274
Gyro: 20.833, -58.478, 48.077
Gyro: 39.454, 15.385, 175.237
Gyro: 34.165, 2.221, 250.053
Gyro: 5.143, -160.936, 136.577
Gyro: 10.371, 10.646, 68.712
Gyro: 39.240, -30.517, 72.138
Gyro: -12.943, 61.012, -8.417
Gyro: -8.875, 40.690, -13.255
Gyro: -1.252, 5.868, -9.440
Gyro: -4.418, 4.060, -0.626
Gyro: -3.625, 1.114, 2.473
Gyro: -3.884, 0.946, 2.022
Gyro: -3.747, 2.381, 2.152
Gyro: -4.556, 2.366, 0.084
Gyro: -5.082, 2.595, -0.168
Gyro: -8.349, 8.684, -2.297
Gyro: -2.175, 19.910, 9.173
Gyro: -33.684, 45.650, -23.619
Gyro: 2.404, 34.753, 44.879
Gyro: -29.014, 35.844, 59.394
Gyro: -11.767, 29.724, -65.278
Gyro: 46.909, -130.517, -40.163
Gyro: 27.038, 23.977, 25.565
Gyro: -77.915, -68.765, -4.770
Gyro: -34.379, -73.085, -26.152
Gyro: 70.147, -11.455, 30.807
Gyro: 33.524, -133.425, -0.214
Gyro: -94.429, -2.022, -27.518
Gyro: 6.212, -242.758, -23.428
Gyro: 40.018, 131.906, -4.289
Gyro: -11.828, -156.036, 35.981
Gyro: -36.775, 121.772, 25.717
Gyro: 23.397, 72.863, -29.625
Gyro: 35.356, -137.500, 28.869
Gyro: -30.495, 235.119, 28.739
Gyro: -16.964, -34.753, 21.467
Gyro: -1.778, 46.482, 65.583
Gyro: -20.459, 92.254, -61.035
Gyro: 31.265, -108.204, -54.922
Gyro: 12.576, 35.592, 14.545
Gyro: -82.105, 31.853, -10.279
Gyro: 7.227, -167.781, -14.034
Gyro: 50.458, -8.219, -31.342
Gyro: 14.385, -26.419, 15.125
Gyro: -13.431, 21.772, -1.190
Gyro: -1.045, -11.821, -11.142
Gyro: -4.846, 5.350, 4.220
Gyro: -5.441, -1.053, 0.626
Gyro: -2.190, 0.649, 13.095
Gyro: -3.297, -1.694, -0.504
Gyro: -3.663, 7.471, -2.198
Gyro: 5.945, -37.019, 25.389
Gyro: 21.337, -14.492, 234.966
Gyro: -7.937, 61.271, 250.053
Gyro: 29.289, -250.061, 168.117
Gyro: -10.226, 58.738, 50.259
Gyro: -17.560, 130.609, 52.289
Gyro: -8.631, -14.011, -14.606
Gyro: -5.762, 19.055, -5.846
Gyro: -5.639, 5.716, -2.289
Gyro: -3.495, 6.944, 1.175
Gyro: -2.457, 1.198, 1.381
Gyro: -4.815, 4.251, -1.954
Gyro: -4.823, 5.189, -0.237
Gyro: -4.968, 1.450, -0.771
Gyro: -5.082, 4.861, -1.068
Gyro: -7.929, 17.895, 12.477
Gyro: 39.194, 42.224, -29.739
Gyro: 10.127, -20.375, 22.070
Gyro: -50.969, 69.338, -11.722
Gyro: 12.775, -18.536, 4.418
Gyro: 30.952, 38.958, -58.051
Gyro: -32.692, 233.120, 37.828
Gyro: -44.658, -58.288, 42.582
Gyro: -1.015, 203.060, 11.920
Gyro: -16.445, 2.610, -88.317
Gyro: -6.387, -49.611, -72.543
Gyro: 13.362, 146.589, 92.247
Gyro: -19.895, -75.824, 89.125
Gyro: -26.015, 189.087, -88.858
Gyro: 52.976, -114.278, -18.910
Gyro: 36.264, -44.490, 17.529
Gyro: -109.844, -32.257, -39.744
Gyro: -9.608, -250.061, -41.758
Gyro: 12.210, 179.907, 13.004
Gyro: -25.519, -49.718, 51.229
Gyro: 2.015, 12.630, 4.922
Gyro: 12.767, 223.100, -39.370
Gyro: 28.350, -105.342, -25.977
Gyro: -29.808, 146.100, -24.183
Gyro: 7.433, 31.181, 44.437
Gyro: -45.498, -95.902, 46.406
Gyro: -23.611, 146.322, -48.237
Gyro: 58.471, -66.392, 23.710
Gyro: 17.529, -43.498, 21.757
Gyro: 5.243, 43.376, 55.853
Gyro: 4.800, 73.581, -6.273
Gyro: 1.335, -29.006, -14.599
Gyro: -3.281, -19.948, -16.682
Gyro: -30.060, -98.649, 18.941
Gyro: -7.021, -7.776, 8.478
Gyro: -5.952, -4.144, -5.197
Gyro: -4.945, 1.938, -2.030
Gyro: -2.587, 9.531, -0.633
Gyro: -2.831, 3.114, 0.046
Gyro: 0.290, 4.846, 43.445
Gyro: 38.484, 10.325, 134.608
Gyro: 50.740, -35.524, 147.276
Gyro: 35.607, 96.940, 222.505
Gyro: 0.664, 18.429, 81.525
Gyro: 0.321, -61.226, 9.394
Gyro: -3.556, 27.465, 10.981
Gyro: -11.760, -20.047, -22.566
Gyro: -3.373, -0.962, -0.336
Gyro: -3.091, 3.404, 3.846
Gyro: -4.243, 7.074, 5.357
Gyro: -2.427, 4.853, 2.366
Gyro: -2.991, 6.441, 2.640
Gyro: -1.816, 2.450, 4.998
Gyro: -3.373, 3.167, 1.610
Gyro: -3.419, 5.327, 0.069
Gyro: 0.862, 5.929, 12.248
Gyro: 4.953, 44.307, 15.537
Gyro: -12.500, 28.625, -66.590
Gyro: 46.001, -90.179, -82.677
Gyro: 3.136, -18.048, 24.016
Gyro: -76.351, 75.267, -55.296
Gyro: -1.282, -239.042, -22.993
Gyro: 46.238, 72.985, 10.661
Gyro: -23.718, -7.891, 42.308
Gyro: -18.552, -9.753, 4.983
Gyro: 6.212, 236.134, -34.074
Gyro: 11.676, -75.580, -46.711
Gyro: 18.498, -103.961, -92.796
Gyro: 23.161, 67.163, 43.162
Gyro: -52.007, -100.939, 32.418
Gyro: -29.968, 26.023, -31.853
Gyro: 87.157, 2.755, 27.724
Gyro: 1.656, -192.331, 12.584
Gyro: -77.030, 137.569, 7.730
Gyro: 19.475, -6.723, -1.885
Gyro: 25.611, -40.743, -0.145
Gyro: -23.085, 194.132, 48.611
Gyro: -3.922, -41.751, 37.897
Gyro: -12.111, -49.748, 87.653
Gyro: -28.541, 125.290, -77.747
Gyro: 46.337, -125.511, -4.136
Gyro: 23.298, -36.348, 3.320
Gyro: -67.384, 81.914, 41.980
Gyro: 13.813, 96.749, -2.915
Gyro: -3.411, -25.885, -34.287
Gyro: 43.170, -80.693, -43.727
Gyro: 13.584, 35.791, 76.236
Gyro: -33.249, -5.762, 106.716
Gyro: 29.418, 36.722, 100.198
Gyro: 22.138, 5.609, 111.531
Gyro: 26.137, -23.596, 109.776
Gyro: 34.860, 9.264, 77.335
Gyro: 1.709, 25.679, 51.542
Gyro: -2.465, -32.601, -3.114
Gyro: -0.511, -0.244, 4.701
Gyro: -12.614, 11.958, 5.479
Gyro: 0.099, -1.732, 6.525
Gyro: -6.677, -1.023, 2.915
Gyro: -2.175, 12.218, -7.532
Gyro: 0.031, -5.578, 7.150
Gyro: -4.228, -0.664, -9.898
Gyro: -4.388, 4.907, 0.031
Gyro: -4.342, 0.618, -0.321
Gyro: -3.663, -1.290, 5.319
Gyro: -3.472, 0.183, -1.511
Gyro: -2.686, 0.572, -1.290
Gyro: -3.938, 1.931, 2.869
Gyro: -2.701, -0.717, 0.420
Gyro: -1.664, 5.082, 5.815
Gyro: -3.136, -0.839, 0.984
Gyro: -5.006, -0.397, -1.007
Gyro: -3.396, 6.227, 5.617
Gyro: -4.067, -0.076, -0.435
Gyro: -4.075, 0.664, 0.473
Gyro: -3.228, -0.382, 1.419
Gyro: -3.869, 0.527, 1.412
Gyro: -3.900, 3.190, 0.763
Gyro: -5.205, 3.144, 8.913
Gyro: -5.655, 1.435, -3.823
Gyro: -3.831, 2.824, 0.534
Gyro: -3.518, -3.976, 2.411
Gyro: -3.121, 3.236, -0.672
Gyro: -3.617, 2.953, 0.160
Gyro: -3.884, 1.358, -0.023
Gyro: -4.777, 3.968, 1.427
Gyro: -4.739, 3.594, 1.183
Gyro: -4.480, 1.572, -0.992
Gyro: -4.518, 3.304, 2.701
Gyro: -4.319, 4.716, 2.480
Gyro: -5.205, 4.274, -3.014
Gyro: -3.068, 0.786, -0.038
Gyro: -5.540, 1.824, -1.816
Gyro: -8.371, -0.885, 4.472
Gyro: -5.495, 7.120, 0.878
Gyro: -0.832, 4.151, 1.458
Gyro: -9.005, -3.106, 4.670
Gyro: -6.891, -6.990, 3.007
Gyro: 0.687, -1.427, 30.128
Gyro: -35.119, -8.219, -26.893
Gyro: 6.922, -30.143, 18.040
Gyro: -5.609, -15.530, -14.034
Gyro: -22.466, 193.399, -8.455
Gyro: -4.968, -1.816, 46.192
Gyro: -8.318, 19.513, 49.183
Gyro: -14.896, 33.188, -83.868
Gyro: 10.783, -157.219, -73.840
Gyro: 16.796, 108.974, 72.115
Gyro: -40.827, -90.491, 53.075
Gyro: -23.466, 66.674, -45.314
Gyro: 69.704, 2.961, 7.250
Gyro: 8.997, -93.689, -6.074
Gyro: -87.744, 67.063, 29.457
Gyro: -0.221, -109.013, -31.563
Gyro: -10.501, -15.568, -18.887
Gyro: -11.516, 63.263, -40.194
Gyro: -12.263, 49.550, -30.968
Gyro: -44.811, 35.653, -41.812
Gyro: -12.966, 64.133, -106.029
Gyro: 2.724, -14.270, -43.704
Gyro: -21.062, -19.193, -11.783
Gyro: -0.443, -15.018, 0.359
Gyro: -7.143, 33.371, 4.289
Gyro: -3.182, 14.057, 1.511
Gyro: 0.687, 3.953, 13.645
Gyro: 1.885, 2.610, 8.242
Gyro: -1.992, -0.069, 1.900
Gyro: -3.671, 1.435, 1.137
Gyro: -4.167, 3.266, -0.786
Gyro: -4.190, -2.434, 0.107
Gyro: -3.808, 0.000, 1.175
Gyro: -3.648, 0.527, 1.480
Gyro: -4.075, 4.937, 1.572
Gyro: -3.823, 0.359, 0.076
Gyro: -3.510, 1.290, 0.725
Gyro: -3.816, 2.480, 1.076
Gyro: -3.854, 2.381, 0.267
Gyro: -3.793, 1.183, 0.542
Gyro: -3.709, 1.717, 0.481
Gyro: -3.694, 1.664, 0.702
Gyro: -3.762, 1.923, 0.733
Gyro: -3.823, 1.946, 0.908
Gyro: -3.877, 2.701, 0.557
Gyro: -4.090, 5.174, 2.381
Gyro: -3.190, 1.687, 1.580
Gyro: -3.922, 6.578, -0.382
Gyro: -4.487, 1.961, 0.443
Gyro: -3.846, 2.144, 1.206
Gyro: -3.381, 0.420, 1.480
Gyro: -3.335, 0.031, 0.275
Gyro: -4.335, -4.029, 0.008
Gyro: -4.571, 1.564, 0.046
Gyro: -3.487, 1.450, 0.809
Gyro: -3.999, 1.198, 0.527
Gyro: -4.380, 4.495, -0.191
Gyro: -3.129, 2.480, 0.824
Gyro: -3.388, 0.580, 1.618
Gyro: -4.304, 3.648, 0.069
Gyro: -4.022, 2.999, 0.817
Gyro: -3.457, 0.923, 0.183
Gyro: -3.495, 1.313, 0.923
Gyro: -4.319, 3.541, -0.015
Gyro: -3.495, 2.648, 0.458
Gyro: -3.495, 1.542, 0.519
Gyro: -3.892, 1.580, 0.038
Gyro: -3.663, 1.564, 0.450
Gyro: -3.541, 1.923, 0.771
Gyro: -3.930, 3.083, 1.015
Gyro: -4.098, 1.854, 0.305
Gyro: -3.732, 2.908, 0.931
Gyro: -4.228, 0.061, -0.145
Gyro: -4.151, -1.190, 0.694
Gyro: -4.098, 2.167, 0.710
